1: ZWIEKSZ 1 1 0 PYTANIE 2 0
x: 0
0 0 0 0 0 0 0 0 0 0 0 0 0 0 0 0 0 0 0 0 0 0 
2: ZWIEKSZ 2 3 1 PYTANIE 9 1
x: 0
0 1 1 0 0 0 0 0 0 0 0 0 0 0 0 0 0 0 0 0 0 0 
3: ZWIEKSZ 9 17 8 PYTANIE 6 1
x: 0
0 1 1 0 0 0 0 0 8 8 8 8 8 8 8 8 8 0 0 0 0 0 
4: ZWIEKSZ 6 16 7 PYTANIE 21 3
x: 0
0 1 1 0 0 7 7 7 15 15 15 15 15 15 15 15 8 0 0 0 0 0 
5: ZWIEKSZ 21 21 4 PYTANIE 16 2
x: 0
0 1 1 0 0 7 7 7 15 15 15 15 15 15 15 15 8 0 0 0 4 0 
6: ZWIEKSZ 16 22 5 PYTANIE 19 1
x: 0
0 1 1 0 0 7 7 7 15 15 15 15 15 15 15 20 13 5 5 5 9 5 
7: ZWIEKSZ 19 19 6 PYTANIE 14 5
x: 15
0 1 1 0 0 7 7 7 15 15 15 15 15 15 15 20 13 5 11 5 9 5 
8: ZWIEKSZ 1 1 8 PYTANIE 2 6
x: 1
8 1 1 0 0 7 7 7 15 15 15 15 15 15 15 20 13 5 11 5 9 5 
9: ZWIEKSZ 4 11 9 PYTANIE 11 2
x: 0
8 1 1 9 9 16 16 16 24 24 24 15 15 15 15 20 13 5 11 5 9 5 
10: ZWIEKSZ 4 11 9 PYTANIE 11 7
x: 15
8 1 1 18 18 25 25 25 33 33 33 15 15 15 15 20 13 5 11 5 9 5 
11: ZWIEKSZ 6 8 5 PYTANIE 21 8
x: 9
8 1 1 18 18 30 30 30 33 33 33 15 15 15 15 20 13 5 11 5 9 5 
12: ZWIEKSZ 15 15 0 PYTANIE 22 4
x: 0
8 1 1 18 18 30 30 30 33 33 33 15 15 15 15 20 13 5 11 5 9 5 
13: ZWIEKSZ 13 21 8 PYTANIE 20 9
x: 5
8 1 1 18 18 30 30 30 33 33 33 15 23 23 23 28 21 13 19 13 17 5 
14: ZWIEKSZ 3 15 2 PYTANIE 18 10
x: 5
8 1 3 20 20 32 32 32 35 35 35 17 25 25 25 28 21 13 19 13 17 5 
15: ZWIEKSZ 18 22 9 PYTANIE 15 12
x: 15
8 1 3 20 20 32 32 32 35 35 35 17 25 25 25 28 21 22 28 22 26 14 
16: ZWIEKSZ 7 15 0 PYTANIE 4 6
x: 0
8 1 3 20 20 32 32 32 35 35 35 17 25 25 25 28 21 22 28 22 26 14 
17: ZWIEKSZ 5 15 6 PYTANIE 8 10
x: 25
8 1 3 20 26 38 38 38 41 41 41 23 31 31 31 28 21 22 28 22 26 14 
18: ZWIEKSZ 15 15 8 PYTANIE 22 8
x: 5
8 1 3 20 26 38 38 38 41 41 41 23 31 31 39 28 21 22 28 22 26 14 
19: ZWIEKSZ 2 10 7 PYTANIE 9 9
x: 24
8 8 10 27 33 45 45 45 48 48 41 23 31 31 39 28 21 22 28 22 26 14 
20: ZWIEKSZ 22 22 7 PYTANIE 1 11
x: 8
8 8 10 27 33 45 45 45 48 48 41 23 31 31 39 28 21 22 28 22 26 21 
21: ZWIEKSZ 19 19 2 PYTANIE 14 6
x: 15
8 8 10 27 33 45 45 45 48 48 41 23 31 31 39 28 21 22 30 22 26 21 
22: ZWIEKSZ 17 17 6 PYTANIE 10 8
x: 15
8 8 10 27 33 45 45 45 48 48 41 23 31 31 39 28 27 22 30 22 26 21 
8
8
10
27
33
45
45
45
48
48
41
23
31
31
39
28
27
22
30
22
26
21
