1: ZWIEKSZ 1 1 0 PYTANIE 2 0
x: 0
0 0 0 0 0 0 0 0 0 0 0 0 0 0 0 0 0 0 0 0 0 0 
2: ZWIEKSZ 2 3 1 PYTANIE 9 1
x: 0
0 1 1 0 0 0 0 0 0 0 0 0 0 0 0 0 0 0 0 0 0 0 
3: ZWIEKSZ 9 17 8 PYTANIE 6 1
x: 0
0 1 1 0 0 0 0 0 8 8 8 8 8 8 8 8 8 0 0 0 0 0 
4: ZWIEKSZ 6 16 7 PYTANIE 21 3
x: 0
0 1 1 0 0 7 7 7 15 15 15 15 15 15 15 15 8 0 0 0 0 0 
5: ZWIEKSZ 21 21 4 PYTANIE 16 2
x: 8
0 1 1 0 0 7 7 7 15 15 15 15 15 15 15 15 8 0 0 0 4 0 
6: ZWIEKSZ 20 21 7 PYTANIE 17 3
x: 8
0 1 1 0 0 7 7 7 15 15 15 15 15 15 15 15 8 0 0 7 11 0 
7: ZWIEKSZ 17 19 4 PYTANIE 10 6
x: 15
0 1 1 0 0 7 7 7 15 15 15 15 15 15 15 15 12 4 4 7 11 0 
8: ZWIEKSZ 1 1 8 PYTANIE 2 6
x: 1
8 1 1 0 0 7 7 7 15 15 15 15 15 15 15 15 12 4 4 7 11 0 
9: ZWIEKSZ 4 11 9 PYTANIE 11 2
x: 17
8 1 1 9 9 16 16 16 24 24 24 15 15 15 15 15 12 4 4 7 11 0 
10: ZWIEKSZ 21 21 6 PYTANIE 16 4
x: 15
8 1 1 9 9 16 16 16 24 24 24 15 15 15 15 15 12 4 4 7 17 0 
11: ZWIEKSZ 6 8 5 PYTANIE 21 8
x: 17
8 1 1 9 9 21 21 21 24 24 24 15 15 15 15 15 12 4 4 7 17 0 
12: ZWIEKSZ 19 19 2 PYTANIE 14 0
x: 8
8 1 1 9 9 21 21 21 24 24 24 15 15 15 15 15 12 4 6 7 17 0 
13: ZWIEKSZ 15 15 0 PYTANIE 22 4
x: 0
8 1 1 9 9 21 21 21 24 24 24 15 15 15 15 15 12 4 6 7 17 0 
14: ZWIEKSZ 20 21 7 PYTANIE 17 5
x: 12
8 1 1 9 9 21 21 21 24 24 24 15 15 15 15 15 12 4 6 14 24 0 
15: ZWIEKSZ 21 21 6 PYTANIE 16 4
x: 15
8 1 1 9 9 21 21 21 24 24 24 15 15 15 15 15 12 4 6 14 30 0 
16: ZWIEKSZ 7 15 0 PYTANIE 4 6
x: 9
8 1 1 9 9 21 21 21 24 24 24 15 15 15 15 15 12 4 6 14 30 0 
17: ZWIEKSZ 6 8 5 PYTANIE 21 2
x: 4
8 1 1 9 9 26 26 26 24 24 24 15 15 15 15 15 12 4 6 14 30 0 
18: ZWIEKSZ 22 22 1 PYTANIE 1 5
x: 8
8 1 1 9 9 26 26 26 24 24 24 15 15 15 15 15 12 4 6 14 30 1 
19: ZWIEKSZ 21 21 6 PYTANIE 16 12
x: 15
8 1 1 9 9 26 26 26 24 24 24 15 15 15 15 15 12 4 6 14 36 1 
20: ZWIEKSZ 13 17 4 PYTANIE 20 2
x: 7
8 1 1 9 9 26 26 26 24 24 24 15 19 19 19 19 16 4 6 14 36 1 
21: ZWIEKSZ 16 22 3 PYTANIE 19 5
x: 7
8 1 1 9 9 26 26 26 24 24 24 15 19 19 19 22 19 7 9 17 39 4 
22: ZWIEKSZ 19 19 2 PYTANIE 14 0
x: 12
8 1 1 9 9 26 26 26 24 24 24 15 19 19 19 22 19 7 11 17 39 4 
8
1
1
9
9
26
26
26
24
24
24
15
19
19
19
22
19
7
11
17
39
4
