500
111 386 302
291 8 6
12 132 488
70 204 473
210 389 92
469 261 134
18 412 267
294 499 269
165 215 172
351 403 91
116 451 420
323 212 50
362 327 17
3 128 160
447 364 349
282 217 401
401 284 133
376 251 372
154 417 196
117 422 12
144 97 395
330 39 205
421 163 257
134 287 452
364 30 11
193 79 278
28 165 384
276 359 480
105 180 167
214 239 48
353 37 365
428 247 390
274 14 283
289 308 347
397 305 44
115 438 197
342 227 417
414 457 451
202 497 20
281 459 273
67 225 431
228 175 468
407 197 236
80 54 426
260 177 83
177 205 14
107 449 170
1 129 459
329 86 84
271 43 293
450 29 495
166 17 81
164 238 284
44 286 402
392 245 255
203 112 228
50 53 105
106 25 379
150 111 498
319 325 391
388 96 143
390 55 307
142 81 161
409 275 141
487 419 239
355 368 353
9 458 4
34 395 304
422 195 259
386 183 210
26 91 79
486 281 453
197 125 497
32 498 126
83 291 415
435 480 321
424 34 373
359 490 222
256 102 442
288 489 184
24 428 201
123 397 140
490 260 40
20 256 464
127 69 56
45 4 52
121 103 190
132 384 252
333 446 472
449 369 234
239 73 93
265 59 111
455 107 211
219 65 350
158 339 121
437 94 7
226 67 412
438 241 338
444 328 500
180 293 279
266 420 207
476 74 30
181 221 238
488 48 129
340 5 254
493 333 225
396 409 371
492 375 447
224 358 25
114 454 478
93 193 277
49 436 463
62 36 68
128 145 308
191 439 45
68 213 37
485 418 434
440 233 226
356 89 47
244 172 324
393 147 139
160 354 332
75 3 100
338 309 232
152 235 411
459 380 270
481 450 3
335 500 477
420 167 466
310 150 176
302 440 268
126 268 388
408 262 440
497 211 116
188 335 152
51 476 492
369 72 405
284 448 124
245 445 260
171 313 398
119 302 455
458 198 462
182 78 465
480 224 60
402 340 82
495 92 429
100 182 173
237 317 244
241 322 87
148 80 240
234 157 292
173 137 130
267 357 85
33 46 138
211 18 486
162 219 186
157 254 363
179 185 416
222 274 127
79 109 217
86 432 19
136 139 330
146 64 144
357 299 445
398 466 360
451 123 28
277 421 104
42 336 18
415 393 212
15 143 496
23 253 392
30 243 406
35 406 148
499 164 34
251 387 394
37 337 62
321 312 386
269 400 297
196 88 490
383 149 27
442 228 53
236 209 285
347 90 370
477 481 399
218 484 216
336 28 327
122 282 63
95 57 409
279 71 436
273 186 354
208 206 109
464 452 493
151 324 322
433 20 342
411 344 215
209 401 494
71 15 119
85 1 413
187 404 397
7 485 117
225 493 334
10 230 191
61 76 182
176 162 339
431 187 31
129 474 471
130 246 317
466 462 145
460 492 147
290 168 280
262 371 419
27 121 403
462 237 325
280 231 224
246 461 433
479 131 375
404 258 358
46 362 54
360 45 214
328 116 123
394 443 481
374 201 355
305 50 242
84 316 165
161 277 88
199 252 361
104 11 78
368 148 352
77 84 311
74 133 15
168 19 66
292 40 340
216 100 290
220 178 204
120 136 248
457 257 288
198 119 220
478 342 106
223 22 146
175 141 131
452 192 320
215 475 247
113 134 194
465 202 289
263 294 422
48 265 233
348 52 400
112 199 162
149 60 333
309 200 98
341 75 303
101 276 86
131 226 230
324 290 318
313 444 346
293 424 120
36 469 408
307 363 296
59 321 8
354 483 456
453 214 5
92 410 115
320 472 313
331 2 276
474 173 421
489 220 326
135 196 65
316 93 359
254 431 329
375 470 185
385 184 128
96 216 458
371 169 32
14 10 193
184 159 281
137 188 299
314 330 200
308 56 275
240 236 367
259 222 489
406 21 331
57 429 344
229 127 9
456 298 301
318 331 192
498 365 24
103 414 99
118 355 203
69 122 77
235 126 362
52 343 218
108 402 263
350 385 487
349 346 443
417 487 164
89 117 483
90 244 381
367 310 23
110 348 335
190 383 341
334 425 94
4 153 383
395 307 13
268 447 151
270 292 21
247 388 448
153 108 189
174 411 376
439 98 188
25 496 195
16 486 135
391 315 345
285 453 132
361 272 108
372 41 114
82 435 368
66 49 305
300 491 393
133 441 356
99 77 75
304 7 157
140 300 438
454 124 163
403 130 229
21 33 312
55 83 461
500 285 95
261 266 454
286 218 29
382 334 343
358 460 174
249 318 178
363 392 246
63 223 1
204 31 159
412 378 136
445 27 102
389 255 467
11 273 118
343 477 175
230 408 484
482 114 57
370 110 264
379 416 245
39 32 74
78 341 243
416 152 22
467 35 113
405 142 380
91 376 407
102 87 369
170 51 482
436 349 351
297 135 266
283 423 112
64 390 309
53 47 158
41 326 76
232 351 166
303 120 337
19 101 219
384 105 97
195 106 107
352 430 156
255 158 450
432 434 221
200 405 36
81 210 414
301 350 71
141 63 315
325 146 69
287 360 35
189 190 389
387 115 110
345 332 103
167 170 435
5 160 177
227 6 199
317 144 499
159 329 291
448 85 287
87 207 223
399 166 300
109 189 231
231 464 180
311 70 39
496 58 101
172 171 294
381 295 348
250 407 150
434 426 282
17 264 261
471 82 153
278 229 432
22 161 485
373 379 404
253 118 122
425 433 457
145 296 202
378 250 437
60 352 179
47 370 423
56 208 427
430 271 382
475 154 396
322 367 33
400 306 328
472 468 49
238 456 41
443 12 125
98 68 410
221 191 469
446 95 198
327 240 357
38 301 142
337 463 336
344 382 387
413 338 42
410 373 206
461 270 43
58 455 265
169 279 491
296 62 460
248 356 479
483 398 2
426 479 67
257 26 149
97 353 286
54 413 241
470 203 183
163 44 137
494 249 476
295 267 64
178 66 449
213 176 441
31 482 366
6 179 70
194 361 418
484 304 171
125 494 73
88 181 209
65 320 55
491 311 38
156 345 444
423 248 169
192 138 51
76 280 364
326 61 208
2 319 61
183 391 154
29 113 316
365 473 470
43 427 424
40 471 72
377 289 10
468 495 446
427 42 474
206 23 272
366 323 16
138 38 96
298 399 439
463 297 168
242 24 274
124 140 378
207 347 298
441 155 26
217 156 271
147 288 155
143 104 262
73 16 250
380 478 306
473 381 310
306 151 213
272 415 430
299 396 256
233 194 253
243 377 80
185 437 90
139 99 323
155 372 249
201 234 374
72 467 314
212 283 428
275 465 425
264 442 475
312 263 46
429 242 237
332 259 377
8 394 295
346 232 89
186 374 251
339 269 59
252 314 187
418 13 258
13 278 58
94 366 235
205 174 227
258 488 385
419 303 181
315 9 319
