3187 1695 2283
1191 5 4719
3594 2264 396
4443 59 1891
2401 3248 1563
469 2633 4817
707 290 920
3755 2661 2228
165 43 68
3913 3957 63
3880 4673 273
4336 3145 1174
362 2557 4239
3239 722 2966
4649 4527 4967
3338 1134 2403
1417 4845 1007
1195 2743 4975
644 1757 1194
2974 2629 2832
1576 4008 866
2756 3122 2217
421 791 4182
2319 2906 3730
1186 4909 3617
1983 3813 2581
3141 3673 1907
1688 2447 4871
4474 4549 1085
4681 2084 3034
3169 4163 2789
913 2850 1127
4684 1318 884
2256 401 1535
3123 1501 40
3672 1503 2044
4896 2282 3552
1270 2903 4485
3054 1403 2618
3447 136 4179
67 3562 1666
673 429 337
3269 4015 2491
4494 1325 1896
3279 262 4353
3137 529 676
107 2365 1046
4536 3232 2609
3901 4472 3798
271 4027 2554
1269 514 2279
1312 4798 684
4765 811 2253
4624 580 3054
4861 3627 4507
203 718 2106
1387 1201 3341
1442 703 3810
2472 3228 1804
3597 1347 4471
4956 1911 4972
390 4367 123
142 503 3085
3725 4090 3595
4399 2823 1778
741 2684 2032
718 2352 3143
34 2681 48
1547 644 2540
1775 2931 4237
26 2162 2132
782 3605 411
711 1890 104
1638 4510 3930
2709 4862 3558
435 1167 973
543 1607 4351
1896 479 1353
4977 4813 4888
1315 2270 578
1194 4778 1390
1273 2325 968
1223 1036 3356
2730 83 1328
2884 2275 1591
45 777 3376
3059 39 3711
2979 2953 4279
4636 77 1636
2759 1321 532
2206 3592 2550
1668 2573 4276
2661 4161 2421
4022 659 2950
1836 1500 1436
556 424 1696
2096 1589 26
2280 3436 1442
2631 959 3497
909 4946 4115
537 4881 964
2152 2840 1309
3472 2455 2551
1024 2919 3917
2045 4456 4453
3138 4767 2597
4111 3664 4672
4050 4894 1699
639 1586 4780
4069 3970 2776
1979 3812 976
49 367 271
62 4412 1474
507 1315 4729
4067 2951 2140
68 1769 1422
3384 2671 1943
688 144 98
4007 4622 1806
1097 575 188
4186 4568 3648
4897 3893 570
3828 1455 3181
800 2301 1343
2637 334 2939
4047 2326 4716
1449 1531 813
3401 2696 4898
2991 826 2202
3362 384 402
2113 1536 4426
783 2255 1679
2064 4148 2010
3408 4056 3365
4753 3000 1143
1241 767 403
1003 848 2291
4488 1137 4027
2123 2387 987
1899 1240 295
3651 2746 1613
4758 4790 4020
4004 3986 370
770 3920 27
1832 970 2061
3772 4298 1781
4081 4615 268
1202 683 3805
3941 1406 2431
2037 2476 1050
3856 3872 2913
2582 2146 2116
2614 4621 2360
4791 251 961
2850 4716 389
162 4975 1226
4079 1149 1517
2221 1717 325
4888 1599 979
3506 2136 85
1767 4620 2796
136 551 4328
1874 2176 3776
3367 3403 630
1346 834 1717
746 4419 825
277 1858 4665
771 3850 4725
415 1517 3592
4098 349 2658
2153 2068 79
4734 1133 658
2313 486 978
3735 4317 2676
1873 4529 4551
4882 3100 1482
2515 3091 3171
1859 4063 3406
2243 1464 4008
383 2768 474
2939 1096 4244
2996 1116 2738
347 1061 2698
4406 2341 3934
3469 2251 2170
1338 2227 3434
122 1371 1176
4401 1338 3543
2960 4763 2687
3893 1057 2777
1817 4517 607
4930 1753 1942
2942 4108 4386
4645 492 649
3532 2482 4956
4927 4587 1361
71 2826 682
705 1301 2780
666 4647 4713
4338 2754 1069
902 3404 3914
2095 2794 1401
61 1352 2464
4587 3197 2994
2782 3348 1766
4263 4892 3108
1845 4424 2027
1513 4252 549
3684 4266 460
3543 452 3505
4021 406 336
1203 3014 2883
4965 169 3213
280 2580 2340
1089 2383 2669
4565 658 4730
404 675 1738
46 812 366
1095 2386 2014
1927 203 4567
2468 2333 2741
1396 1528 4007
989 152 3242
4964 1660 41
2376 2838 1372
1634 4095 3219
3531 3781 2099
3278 1652 3682
3915 1105 1626
607 1729 2614
2150 4406 4727
4539 1854 4701
2195 4349 4824
4639 1086 4903
863 1925 2229
2049 582 1277
652 2757 4292
478 2727 77
1947 4904 2757
3636 464 2633
452 2346 2764
3012 4612 525
3034 1165 831
3979 4857 367
512 561 387
1721 4874 812
2859 4 3782
3342 4692 2179
3122 1529 730
3765 2454 2555
2040 3193 1558
896 915 3907
760 3060 1867
4371 68 4223
2902 3955 2209
1206 3213 631
1486 1379 4344
508 335 3300
4413 3868 106
1287 58 357
2302 3544 3540
4567 1996 3800
3293 2166 259
3366 1393 4366
1354 4743 3477
678 3801 4910
2571 12 1569
1616 2396 535
3789 3793 1775
1993 3250 211
4076 3245 2916
96 4251 912
371 3739 4339
1048 2950 4154
3861 3745 3334
1579 132 1560
2554 3095 2480
2485 3161 899
4002 3697 1621
2425 287 189
1058 268 1641
2907 4492 317
2703 1985 3550
938 1798 4745
318 3301 263
1171 3134 4317
1799 3038 1785
3113 4287 816
2903 2635 1784
3433 1472 3114
4207 1079 1516
3819 3571 113
918 5000 4230
2977 3688 516
3243 734 2194
1780 345 3871
1067 3365 2255
2162 1144 3537
985 4940 11
4360 677 4428
2770 4935 4401
4499 3847 3459
597 930 1184
1989 4132 2925
1455 2457 3719
3890 4532 4510
3579 4634 830
3873 926 2416
2061 4300 404
2080 2672 3654
4993 2891 626
514 976 4330
4034 2150 3824
1645 754 2748
4631 647 1597
1531 4102 695
1606 2848 3839
2714 1673 3166
1759 81 513
2316 1737 1801
2028 499 2696
4265 2249 3093
454 2883 4047
1323 60 4685
4545 760 1259
2751 3186 732
3888 3643 4383
2993 822 3525
3399 201 3279
4570 1275 1162
738 2263 4965
249 239 2520
1293 4745 416
2989 3983 2392
204 354 4666
412 1226 728
3225 2869 1357
1824 76 3443
1358 461 4160
2620 4155 4858
2799 4599 2369
3603 4921 666
3443 1311 1487
4849 2874 640
4337 2990 4126
1161 1973 1930
3405 1309 3720
2182 385 693
4285 1698 922
1955 3543 3597
4375 4119 1095
2671 4503 2833
3613 2212 4006
3233 4374 2118
3028 3694 3185
4657 3528 1554
2758 4104 2365
3803 890 1134
4633 3842 2046
3368 4336 2354
3717 4769 3259
2870 611 4393
1290 2085 2414
4708 1211 765
1962 4755 4103
3617 1744 898
4060 1809 2336
2898 2584 385
301 435 3488
812 4471 4374
1629 4372 139
681 595 2973
2428 2751 768
2820 2553 1021
3838 490 3172
4110 2246 1687
850 4340 261
519 1386 4715
2854 1915 4802
2460 4521 3165
3119 1849 2455
1311 880 4484
4383 2697 3961
1974 4681 1953
4606 2880 690
311 2693 762
496 2130 3274
172 4116 4101
1833 2847 4249
2584 642 1453
581 906 1731
17 1899 4429
4516 2110 540
2312 4389 2899
889 2461 4515
891 1046 702
253 936 3115
906 2486 4105
2621 3405 4186
3376 1945 2919
1820 4691 1308
3457 3424 1368
56 590 2269
3153 4943 1882
2222 1741 1868
4879 2330 4508
4218 2406 2109
881 1045 2315
2101 3220 4809
2006 4923 3484
4627 4125 3842
4932 1927 4332
2509 1780 1716
1074 2660 2608
2297 2237 4498
337 205 4969
4735 742 379
4419 1336 1974
1937 1053 1405
3195 3844 2978
2477 3274 4764
2426 1156 3685
4295 3341 2524
4495 4482 3621
2332 607 1465
3295 3530 4509
2910 4390 3388
97 781 567
3568 835 1511
3997 4495 2671
3372 2955 3265
536 4399 3285
295 1682 561
1587 4851 3576
4999 3686 3062
3936 3815 3680
1390 2807 3717
2294 621 4756
484 3164 4327
4687 788 1025
1434 3188 4974
2731 2901 2078
491 4460 2826
4346 984 2100
4340 1090 3159
2998 370 179
2959 4368 4660
326 920 4527
622 2177 1036
4203 764 293
510 4402 2272
4697 4135 4591
2801 3136 3734
2409 346 3455
1652 4049 4272
910 2812 3083
980 1540 1251
1139 2496 3103
3375 13 826
3558 1619 4906
2047 4127 1728
2324 1567 856
1964 4468 1702
1489 2833 252
1102 1417 318
4842 537 1843
2386 3383 3613
2370 4657 587
4667 3648 1958
1109 1366 1386
811 2012 280
4243 4726 3450
306 1721 3473
272 4618 1280
2314 2235 50
1546 1502 3112
243 1784 279
2525 2626 3958
3899 4378 206
1006 3390 1220
4586 4330 3668
2198 1163 4644
3219 1710 4943
275 3882 669
3601 2140 365
4944 4219 4834
2125 4637 2195
4913 3370 2830
1470 2740 3843
3021 2134 3256
4790 1568 2226
1675 2015 3146
3455 3510 4827
1157 3480 827
4968 2199 4908
1468 4022 1633
3305 2480 835
1357 4705 376
4520 1594 4445
3858 1001 4998
4167 712 2472
2286 2817 996
2277 1445 1624
1341 4342 3382
4414 2552 3834
3846 4235 2166
3981 347 2703
307 3527 3965
2403 3746 2918
2585 3914 951
3869 4371 3482
263 2331 2042
1077 3727 1381
3486 810 4936
4579 3934 3374
1522 3674 3211
1146 1641 3629
890 234 2662
227 4588 2870
1051 2373 1498
3664 228 431
844 2299 2408
120 1384 3436
2568 574 374
2115 1188 3545
2228 1639 4492
3658 4417 2151
417 1751 619
3502 785 790
3549 2546 4575
1641 3033 984
3822 2855 3328
4625 3515 4380
1078 916 4222
864 1342 3150
3970 3640 4293
2863 4295 1136
710 3287 492
1790 3356 1504
2410 1583 3298
2146 3526 4423
82 2986 2774
2144 1175 4490
3985 393 2441
1928 863 1164
1725 2468 4166
159 459 1142
254 1669 3392
1339 3908 3422
2718 2525 3706
3208 3764 440
3557 2911 2076
1556 3140 2588
1043 1481 2482
461 2762 2672
3493 2747 2709
1592 1743 2314
4392 3647 4525
2894 3492 180
4270 2970 429
2394 1841 3891
884 564 2560
368 3147 1062
2895 708 272
2609 4706 3568
822 4192 4582
3483 3796 4032
2811 1818 1697
842 1676 1350
2558 4409 1451
4062 2975 1392
814 3284 4559
1902 1040 1169
1655 1289 1713
4073 2908 4652
2837 4444 3137
1310 1983 683
3235 1877 1026
1253 2382 2512
3456 4653 4905
617 2413 900
3263 2183 808
76 41 1881
2077 235 3536
1696 4311 3950
4736 3903 4234
2304 2655 2716
1520 2881 397
4608 4196 4504
144 2679 2273
2786 4652 1502
2769 2369 957
4005 3973 3229
4156 2397 3707
3752 1488 1706
2456 2670 2495
3077 3160 1818
4640 4576 230
2689 3729 3439
219 233 1409
4819 3961 4451
3566 4491 4880
4070 538 3408
3067 4927 2521
1548 487 253
2557 4414 2570
3596 195 1908
1801 2230 250
4537 63 4861
729 1283 2489
3168 2590 2252
3110 899 4978
3476 4467 3094
4557 286 802
4217 3285 423
453 1740 4065
1137 2530 203
3337 3359 2418
2680 971 3675
3864 1612 3378
4302 4870 4720
3402 2569 907
4370 4869 3398
3014 56 972
3741 1843 2274
4251 966 4307
3112 2625 2656
4253 1070 91
4099 38 2064
1248 749 3490
4441 2290 1932
2094 2362 2256
1750 518 1991
2035 1603 2979
4805 750 2817
674 4213 4462
447 2839 4966
15 3511 2248
4792 2097 1242
1628 2281 1378
813 2675 1345
4172 374 453
3643 4481 4357
3676 2846 3959
4550 3249 4370
4902 1659 562
2533 2295 3151
4298 3701 4442
4806 3437 161
1494 3467 3385
4166 3222 373
4733 4128 2920
1608 3444 1301
4580 1407 945
1627 2040 2838
1422 804 3848
361 2208 1339
3546 2936 1074
4107 4346 579
4772 1937 2771
2606 1959 1986
2289 4263 4086
2388 4686 4280
1847 1373 923
862 1928 80
3702 1014 3345
2937 288 420
2501 137 595
2188 1907 661
1262 4775 4142
548 1895 4650
422 1955 3903
2639 2477 4668
4679 2499 4931
2387 4630 142
4824 946 3344
690 4986 1472
2752 2739 1899
1819 3354 3290
2439 1471 2727
3868 4736 4454
2882 4738 2493
4743 3224 1665
3207 4772 2635
4855 4074 656
689 1368 3738
3897 1153 2577
4963 1869 2708
1508 2172 4114
2341 3892 3758
925 214 2596
511 3915 1375
330 2863 4923
2744 2710 1464
2535 1887 4436
4153 925 869
1197 14 2775
236 871 1020
121 1614 736
551 2280 4706
1192 1331 2249
4725 3247 2548
2662 3541 1667
4528 413 751
3380 3644 449
2632 539 1811
888 530 3358
113 3978 1553
2329 275 311
2750 3360 713
2075 3433 438
206 505 4631
2337 3696 763
2405 4958 4231
2384 1391 2831
1049 3885 769
2097 4978 3253
9 2351 2670
486 2312 2005
438 4592 4589
3335 1288 605
3251 3712 31
571 4722 1793
2901 476 4951
1265 2354 1054
4439 3322 4707
3798 1608 1994
1275 243 3882
63 372 2069
278 244 1033
2484 67 4318
1108 536 2492
4193 2102 2954
4128 847 2160
3821 3157 4718
821 731 4806
4610 4891 4592
3030 2647 4782
3177 1544 4229
4314 898 1598
929 1575 2379
1706 2416 3163
3097 709 358
3264 1335 867
1944 1343 2856
1226 2218 1002
4199 4516 3123
89 4055 2792
4777 1130 3236
2056 1896 1543
3854 3016 855
3850 3907 1736
1796 2303 1840
4191 2893 17
1151 2788 806
363 4000 1876
3582 2583 4130
3947 4021 2068
99 2741 4359
2192 4756 617
2912 1549 3317
4646 4004 3260
37 1863 4302
110 1011 1066
175 1421 18
3830 3821 3827
298 1004 2607
4822 2856 886
3785 1145 1367
2707 859 4358
3000 2940 748
244 1656 4286
3398 4812 1733
3935 2795 4752
3843 91 4761
1101 4238 850
427 3954 4240
895 3862 1967
2457 2276 4048
679 4908 1966
3013 4831 3404
2928 1463 4064
2189 510 3453
2975 1779 4757
1325 3890 375
1381 4110 2303
4838 2967 3440
4171 2736 2437
4961 4999 3333
2298 2822 223
1745 4787 1477
1222 938 958
2862 4584 4863
4674 2030 2439
3660 2049 2882
4347 4519 2257
2218 2752 1079
214 1557 4255
1307 3663 2469
3902 55 4361
2307 988 3938
3475 161 401
2556 326 3573
1772 3402 3015
4605 2729 3761
1794 1720 3188
2880 315 1166
2601 4699 3960
4194 396 860
1593 4170 2289
3369 4291 2987
141 2711 1010
4954 3861 715
735 1651 4416
1907 615 428
1059 2364 2788
3626 2786 4984
4387 3708 4199
4305 3545 4736
3064 4852 744
1602 3835 2236
4202 4403 981
1597 1990 2697
4504 4052 4846
2414 737 4565
3763 2167 3461
693 4938 2137
3061 3723 4053
1943 1013 4695
1764 3070 3496
356 3132 1984
4043 1574 2428
3062 2219 634
1960 3180 233
4132 1929 2178
4632 1508 102
2777 4536 3964
921 4523 3077
282 4065 3206
1020 2623 3179
649 3019 3072
2919 2718 418
246 1170 4175
3647 3093 1607
856 1764 478
4830 862 4482
3350 2574 4495
2159 1132 3370
2825 2858 3601
2059 3470 1168
3326 753 12
2749 3620 4751
4114 3769 2557
384 451 265
2761 2750 2795
2354 4200 1129
1297 1187 3429
1735 1617 1395
1215 1848 635
2446 1749 1914
2202 1380 1215
2684 3596 3266
4289 837 3995
1386 224 2853
3170 601 2481
4426 121 4257
367 3282 3652
1789 662 2527
499 1632 2945
2964 4707 1462
2118 3227 3868
1865 2535 4549
1703 665 4741
4482 1005 1013
1904 3276 4296
2197 3494 3858
4468 1602 4548
4142 2719 238
2745 935 2837
260 2319 3972
3954 802 3915
29 4285 4831
329 392 616
152 3083 3367
185 1071 3574
480 1745 4663
4941 1340 3055
3250 34 3466
4378 3065 1032
3960 799 3510
3700 3787 4274
3984 4180 4893
4181 2905 1622
664 1581 255
1168 4964 4820
4267 4905 3353
4100 71 1055
532 4704 4753
1347 2144 1228
3715 4624 2729
2693 1072 3201
501 1871 3009
1042 3642 1957
1905 572 290
3533 3475 3925
732 447 2176
4246 4205 1680
2660 2414 1112
3292 3900 3357
658 444 4603
150 1408 2
736 3889 1571
3357 252 4879
4214 3731 2462
1582 3011 388
2527 4459 1253
4238 4451 4926
4332 305 3748
2958 127 1348
2349 3168 3257
3791 1654 3117
1577 557 1602
1418 4217 801
1148 1297 604
1774 1411 3564
4372 344 2735
3800 1351 3541
917 4496 2802
3639 1770 2296
2918 588 363
341 3721 2299
2805 4283 322
4857 4149 2260
4825 1249 390
772 1837 3432
434 1094 3527
2534 1903 3195
2106 276 3000
720 3791 4600
4642 1598 716
504 1437 1371
635 4376 1159
137 2178 1546
4984 2233 4233
619 4044 4957
2623 87 679
2165 552 2828
3811 4580 1911
621 4600 236
3211 3513 1297
1889 4003 33
3240 3656 1175
2015 3398 3636
834 3756 1662
1976 433 774
4556 1916 3952
220 398 1632
602 1986 205
4998 3837 2615
1893 1542 2096
4810 4007 1510
3807 1693 4259
2635 1410 1950
4044 4096 1225
2988 2507 1968
1032 411 3704
4409 2048 4232
2296 3017 2930
176 2088 4216
1169 3439 1589
2194 2971 2562
4866 445 3893
4787 135 4452
3132 1364 3602
494 3114 3412
1452 3600 2922
820 816 1983
592 1905 360
2104 4872 340
1005 648 2794
290 1683 1473
2475 4486 536
2789 1422 4842
4814 1062 636
3959 594 4535
3423 992 4039
2411 4131 2675
4086 4796 822
775 3435 1196
4616 2132 2039
1898 4415 2066
400 2793 433
284 3043 4227
3328 1719 454
3556 4544 4615
148 4276 430
3743 3992 2280
801 4638 4134
1573 311 2396
1001 2738 3819
2823 2160 4812
3675 407 3815
369 1838 3197
27 2192 2156
3117 3507 667
3035 2925 938
258 1237 2842
3764 3113 2569
2512 656 3618
868 1564 1532
2036 1310 1443
4918 1562 132
958 4321 4256
3299 2376 3025
4820 2773 4883
521 1258 2917
2258 2876 4402
3771 1418 706
2357 1322 1014
114 1933 2923
102 4537 3749
3836 3369 2781
1069 4476 152
655 4352 508
3659 3753 4473
4078 3583 1246
4231 4152 2946
2559 1939 703
4662 1874 4040
3577 977 3255
3619 593 136
2229 3718 1126
2330 1593 226
261 3838 735
4797 2703 4313
3026 4528 2134
4324 4515 1544
2941 2994 3879
2652 3335 315
4485 3626 1795
4860 230 2572
4750 3772 4334
2688 4533 660
2617 3151 1425
3678 1520 1581
4654 4766 3065
4463 1200 1208
3005 1512 2470
1566 610 1448
810 3138 4708
2600 4430 4935
1292 1551 2391
4915 3431 3741
3542 426 1183
4410 2070 4882
4373 4355 3732
4353 3018 3394
4364 3792 3644
4035 4138 4698
561 3508 2358
4891 2514 2680
1133 2871 2158
672 2489 1820
1963 1451 2931
4756 830 1760
1869 2185 4430
2295 4130 1838
724 4534 468
2261 4002 3348
2260 4085 4304
403 4983 4200
3827 2198 2084
358 2086 4523
4261 2078 4036
530 923 52
2852 3327 1769
31 4912 1096
505 2851 2250
4178 913 862
1009 280 805
2149 2332 1207
1028 2914 44
302 3839 1586
930 732 3417
446 4759 1173
3050 1107 3641
2315 790 3456
3804 1452 2666
3271 18 4613
3551 4211 2866
2604 643 3650
1900 584 427
1827 1832 1492
2830 4078 3105
4240 2349 4388
3363 540 2187
4937 246 777
1155 4407 4688
3157 928 2091
2580 1569 2694
2220 4380 2221
1918 1879 1531
4206 4150 1849
2419 4315 28
196 4337 4598
1913 3953 4135
662 4117 1842
4489 506 1160
73 1649 2541
524 1622 3900
1742 1221 3364
3429 4043 348
1584 2328 4580
352 70 1759
4832 4792 2511
1431 4574 3168
2981 4377 594
1172 402 3984
4460 4933 4815
3336 2458 2638
4628 1273 2002
3287 376 3877
3534 934 2113
4796 3630 3022
2792 2927 4477
2864 1121 4659
3020 1686 4875
2482 756 1077
4584 1415 2095
3210 808 269
3595 3465 3787
4152 249 3649
2674 2327 4656
828 1772 1906
3105 2798 4076
39 831 2266
936 1906 3305
3605 4335 4801
712 762 3863
2846 3154 4920
580 2252 583
1154 3514 1270
4707 570 1893
355 4863 3337
4334 2258 1153
1720 3738 169
3453 3330 2874
4077 550 1675
134 978 2642
3756 4664 1644
3396 2801 4168
3512 2540 4952
2874 1961 4662
4543 876 3226
575 2500 4985
983 4020 224
1263 4271 3928
1958 600 4841
2278 3975 4925
887 1178 1461
4486 1538 3728
777 1530 3010
2616 309 1315
588 2631 1949
4411 4843 399
4458 2860 22
2626 2867 3271
3797 1400 1495
3172 4826 1035
2519 254 714
498 1493 1272
717 3735 3023
156 633 3779
1242 138 4349
4850 1509 1832
4612 4264 2720
4695 1766 620
2161 440 4457
659 2361 1592
866 512 2102
3045 608 680
2068 4906 4743
4702 1185 2193
2404 715 1856
926 710 1070
3786 446 2188
4491 4543 2181
3427 449 3024
402 295 128
2180 1260 3071
4162 1836 965
569 4083 456
2141 173 1710
934 3296 3523
3957 2087 150
927 1276 1037
2207 2558 1525
2250 1524 753
3191 3577 3361
4296 1621 2809
485 2348 1676
3894 1264 2711
1004 3058 1997
4585 3786 538
111 780 3021
2812 748 3828
4390 4968 3695
716 4385 2953
3347 864 4844
1071 2550 1732
1999 4674 1267
995 4932 2385
3404 2669 1408
796 964 3864
4051 1643 1828
4039 3752 1879
51 2022 2652
1276 1186 4934
1114 4466 4874
2434 1480 3486
2249 3864 3509
4477 4608 4805
2567 3766 1790
1200 1952 355
2190 4741 1946
3462 3035 1664
3284 1479 589
3273 1734 2737
35 4981 1723
1091 911 1457
3814 2100 2048
1366 1442 1694
4386 567 4404
1700 4676 3138
3677 2958 2344
1957 887 1307
609 4139 4571
2504 1155 3302
4223 1461 2288
1678 4259 45
4724 3399 1934
900 908 2393
2948 3308 670
3961 4623 3718
706 3625 1479
905 4803 3464
4049 3509 257
2317 4413 521
1406 318 2612
2834 2702 3339
1178 3072 4609
75 4465 916
3213 502 3701
2578 3754 4555
247 176 482
217 2534 3799
2572 801 4195
334 3339 3366
316 1881 992
3654 2360 1150
1288 2109 1114
3853 331 2394
2083 3332 1131
2013 2345 4184
2323 1998 2508
4883 2578 821
4561 2796 1056
2436 3229 3872
1724 1853 4145
2531 1499 1656
3339 1498 55
4779 4257 689
3349 2421 1767
2020 4286 2515
3008 4750 3073
380 511 3478
2788 3225 890
1053 2118 2634
3016 1946 3136
2651 3057 1384
4976 3471 3244
1709 861 1585
1992 2789 892
3599 4303 4026
4180 1754 2825
2798 4411 2015
354 4582 3775
1257 3474 1141
1887 4860 3363
3322 1817 2503
1586 4077 4422
3438 4850 3696
2969 3391 1015
1565 581 2050
4225 3181 141
2936 1176 1285
385 739 4469
2267 4275 2235
2776 1728 2767
2768 4142 5000
16 2870 3784
3300 409 4670
1846 3551 1317
4844 1840 1541
2946 3218 2348
4402 3158 3866
2563 2745 4823
1567 4732 4030
859 4224 2951
629 160 452
4637 2708 2490
1400 1033 4207
535 1208 2947
386 787 4661
1421 2261 1189
2489 3720 3662
4339 2585 3528
3898 36 2707
4859 1672 810
4970 1370 3986
1553 3202 4516
3151 4168 3069
2079 1428 3096
755 2933 2033
1916 2163 718
2506 554 2310
2640 1627 1540
3788 3219 3724
289 1029 1039
3434 3716 2295
3734 2636 1139
829 1022 3683
4345 957 2101
948 4799 657
4562 1047 3557
3360 468 603
2962 2296 4335
4741 1389 287
1443 3482 2407
276 3671 3865
656 3490 1711
3255 4655 4840
841 1885 2219
4803 3552 9
4333 3198 3899
2829 4950 2434
3247 4188 2942
3951 1065 1588
3400 4067 1903
3845 1063 779
4571 3940 2852
695 2581 3840
4233 4248 284
474 4397 865
4275 768 286
2109 3711 4010
4416 1234 3922
1786 3237 4203
1701 813 3410
2168 4314 1734
1360 1882 81
2038 4901 4521
4216 640 3133
4876 3533 653
2540 2165 4636
4575 2802 3283
3949 1697 2270
4894 840 3289
1765 2976 1869
1110 3281 1802
2787 3001 4889
993 3487 1406
3832 4628 3189
1837 1372 4446
1392 3126 2955
1862 1944 2685
4287 2375 4165
1283 1565 1089
4113 2202 3997
74 2481 2938
4988 1800 2855
704 4508 3013
1509 525 2090
1802 3611 4514
730 687 2009
513 2196 4865
1570 482 1452
4776 2161 870
2283 1942 1753
4350 2450 2197
1768 2549 2429
4393 2853 1124
1432 3384 2386
3877 1193 2818
809 1795 4415
3049 889 262
3198 2972 4097
3498 4701 3053
3043 1305 3941
1639 901 4552
167 3130 2787
3633 1577 2122
766 2639 3375
1123 4855 2125
213 3128 191
4665 399 2844
1965 4327 4642
3163 2942 1921
149 421 187
4615 4998 4372
4936 4258 3870
865 3788 2082
1969 1429 42
4292 1174 2024
4759 4362 980
4211 3491 1561
2741 1816 3349
4421 1023 4266
429 1914 767
1858 2485 3852
288 597 3483
2576 316 3896
1084 4567 4964
95 1113 458
3926 1119 1148
2422 4794 4657
3889 2776 1837
2773 2300 3032
4040 2148 4545
853 2449 4242
2748 979 3968
2342 824 1006
2508 843 241
745 4322 243
4696 2815 3026
3289 1199 982
1912 162 991
2178 2206 819
2851 1284 2533
1308 1999 3472
163 3743 1748
106 4993 4389
3995 1140 3079
1617 1103 4385
1657 4206 4297
3308 3822 155
4435 1021 4254
549 3784 4852
4920 4039 1755
2610 1580 2768
3517 4060 1003
3388 4394 1500
3691 3512 1528
3758 1210 935
4210 2474 857
4388 1783 2123
1562 4348 3689
4273 1087 2952
1008 3869 99
1255 2965 1661
58 3849 533
2355 2902 1998
867 679 4368
3514 4984 1179
1906 4595 1320
1654 49 2367
572 2522 4347
598 4449 275
1052 4765 400
4774 3984 588
959 2388 2522
2360 4979 4139
4599 4230 1149
2299 2772 2350
3640 3910 1458
1199 1414 3703
694 210 1234
3313 3111 2991
2920 1963 1724
2331 888 3200
1805 1435 2576
3732 974 3859
2429 655 1567
1653 89 4119
2724 1081 3764
2827 3230 2488
1419 16 1090
2909 4294 4918
2676 4907 4626
2163 4538 2626
3329 2399 3121
1954 4254 1897
2282 997 4913
4588 3724 1894
3592 4969 4088
1863 1988 1080
4061 2032 2185
3471 4369 2909
364 4109 3646
3106 3317 1779
2350 2651 2383
808 932 46
1061 282 3554
4473 74 4167
3848 3610 4193
1950 154 859
4823 2761 2200
1766 4273 2963
4428 3560 3003
2669 3580 3329
3753 2483 4599
3544 382 4953
4747 1213 4329
713 4713 793
2587 4396 3978
4325 4480 2639
1207 3277 4450
966 3107 192
2570 515 2993
3069 2047 213
4871 1316 3908
785 3945 2821
4424 2601 2409
4975 1405 3001
4080 3408 3127
3216 1600 971
259 833 4585
2841 3960 164
3653 2658 2339
2599 3046 2516
542 2028 1873
4160 3367 2278
4763 1135 4564
2888 3010 2621
1228 4636 1615
2442 3846 2531
2727 3951 678
2372 3797 490
4164 3703 2003
1002 238 613
1111 1826 3102
442 3576 2689
4613 3255 53
737 1161 2034
4949 1104 1931
3620 3037 584
4244 2054 344
3188 3042 3627
2358 4320 2860
1746 33 246
3258 31 4847
1019 1804 4397
3272 1265 3503
898 4724 4784
4663 4353 2063
4938 3121 1515
2982 3242 4762
560 1194 2146
2754 2498 200
179 4659 307
4344 1688 1754
1010 3096 4973
893 4364 3643
1575 2866 4533
1956 2298 4410
414 729 2107
294 11 2468
3485 4160 2088
3944 306 312
3162 2394 4475
3581 2824 598
2001 4635 3282
4149 4963 3608
33 2297 2016
2755 99 2029
1949 1495 2592
229 3949 501
1359 474 330
1299 4666 789
3265 3898 1312
739 4936 2525
2763 1735 4797
4312 2173 1291
3386 2467 1382
1713 1725 2463
4087 2957 110
2658 3638 3424
4980 2274 3198
126 437 4336
4137 1206 1979
3914 2663 1154
4224 3677 2712
2899 2071 2247
2549 3407 3190
420 4573 122
2973 4284 3264
1719 196 1410
4785 4670 3132
1760 312 2814
3716 3700 1431
4847 4665 612
882 2527 3173
3538 591 1
4566 858 4278
3624 2683 115
2255 1059 3836
4966 1604 320
2070 1350 331
459 4554 1686
2736 3215 2198
1187 2604 959
1603 609 1034
44 3803 2205
2 1872 1078
589 2608 2857
3154 4124 3100
3090 3292 1542
500 3559 2089
3238 4889 3873
1618 2568 2974
1535 1830 1172
992 4579 901
3862 4802 3040
2084 1008 437
2536 4354 258
3310 3887 903
488 1904 176
2481 3441 1905
325 4693 2661
1017 2778 2836
2336 1202 2318
2433 4428 1772
3290 229 949
3356 3880 3875
1732 3770 1306
3499 4305 3119
424 1960 270
4848 2225 1325
3237 4842 834
4530 4667 2498
3011 4162 1871
436 1595 844
1920 711 4376
4685 3258 2446
3681 1220 1821
3539 2031 4220
945 4715 4360
3708 3967 1061
3685 2392 1199
1842 4834 4722
4922 2013 3251
4018 149 1788
279 909 2715
2240 602 2622
1112 391 380
3352 4833 2986
315 86 3993
4201 108 93
751 3087 2599
2872 2407 3092
815 1214 4742
2843 4499 4314
3841 3416 1459
2233 2311 2422
3353 2646 4132
1503 3958 2141
138 3699 4341
4258 3184 3387
4602 4956 3714
1711 3166 3161
2932 3183 565
559 1930 3932
1708 2531 688
3698 4356 2579
4136 3682 4015
321 4825 2453
4071 297 1152
1130 25 1865
1350 4911 2552
1699 1543 4208
4800 279 3628
2683 2442 4261
331 1423 2934
433 3865 1761
3459 3912 4066
3934 163 120
754 4070 3340
1430 4210 4236
2738 528 2378
64 2220 4619
1382 4876 4793
3778 3848 3426
3477 4997 256
3497 2780 2329
1806 3707 4283
3710 1513 2655
3971 1397 3467
4048 481 4916
554 1191 1509
43 1041 2513
4059 2465 1304
1850 80 645
4813 3265 3926
1661 1573 4774
3126 104 1725
4058 2356 1776
3851 1677 4862
2377 4718 4669
4084 4563 298
1506 3211 2600
4467 2114 2031
807 4463 425
1723 1470 1438
4630 4643 3762
1988 4439 3346
4909 4246 157
3746 796 2494
1219 110 2143
1055 1263 3039
3425 4684 710
48 1459 395
2211 1042 339
372 2694 989
1068 3217 406
1871 3448 2643
4019 933 4682
1855 1670 1539
1212 851 766
3744 3257 3495
2450 4820 1530
2023 645 2251
1751 2974 2646
3975 4051 2040
1568 1344 4778
4427 1716 49
5000 3267 2085
2648 3432 4832
4754 100 3314
3616 3773 1623
1901 563 1545
3919 2006 4100
1572 1668 4125
1037 1924 2904
1787 4365 4271
4155 3379 2497
4148 3963 3901
4140 441 2374
2476 1866 3721
1076 1533 4121
557 1625 146
1981 543 1822
4101 2779 3043
4589 3085 746
3244 3816 1693
4170 2775 4163
4431 4827 3435
3721 388 1496
216 577 2624
3635 3473 1218
1096 1767 1211
4479 3698 303
3190 4141 795
3521 1396 563
1413 1222 83
931 4786 3058
4133 3103 3847
1761 1812 4075
2259 439 4848
3057 4822 4945
3882 892 2447
1552 10 470
4648 324 537
1356 3054 4159
1150 2674 3158
703 4594 2155
348 3637 1798
1537 2943 750
2333 414 2627
1075 4462 47
4798 2493 742
2757 3315 1224
218 1570 2723
3044 2632 4574
1160 2011 2056
3842 3897 1394
1633 1358 1130
3520 2234 559
3697 4019 2509
4856 2063 2371
3632 2242 2442
3923 1080 4169
4638 922 776
4729 797 138
2321 3503 966
2210 245 471
2986 4193 3532
4082 2562 2271
892 743 3957
803 3078 434
2523 3235 3979
3392 653 4054
1436 3585 3544
2868 1362 3095
1809 669 2079
4362 120 4499
2579 3073 4153
4906 264 1117
3414 1756 1081
264 3684 2964
123 1465 3963
3343 4270 811
4448 958 4019
1779 2433 162
3589 3189 2884
1163 3149 2815
3351 2191 3489
1939 1207 1627
1122 4181 4331
759 2781 3772
4527 2723 3989
462 3187 847
4914 1457 329
1995 1799 1765
4444 2135 1049
3783 2886 1027
365 2138 4724
3041 4191 3445
3158 2393 514
3618 3358 1109
2007 1262 2261
1773 3 524
1337 1399 1097
1727 2479 1977
2695 4031 1193
4163 4323 127
2488 115 3397
1664 690 4955
4380 183 3019
1022 2731 905
170 1252 4653
797 1020 479
3 3269 1329
4226 1195 1572
398 2057 2739
1581 3462 3555
2913 4057 267
3669 211 4506
2935 895 4900
2522 4306 4111
579 771 2629
1968 1827 498
1757 2181 4711
195 1613 4813
2417 223 3420
1295 1628 1524
4989 419 4684
2347 1926 1720
1829 2337 3145
4257 3655 2191
4995 1365 2849
4343 317 1616
4227 241 2415
4784 301 720
4548 3987 878
2502 3400 4326
4176 3919 1923
4512 1547 4895
773 759 2630
1971 2556 2732
4230 2444 4277
2701 3535 528
915 4094 3849
3249 894 4090
1588 2017 2972
322 1732 1022
1491 671 995
1294 3486 2337
928 328 1299
2021 740 2450
682 4506 103
753 2502 2959
2708 4166 1737
1332 1229 3051
880 213 1238
2205 293 2287
1514 2042 1701
1281 4240 837
3217 4931 2345
4943 3478 2725
4376 442 1649
2147 4614 2443
979 2701 1419
3680 805 1268
1611 2728 1989
20 1730 274
709 3357 3030
2392 1782 3144
4508 1486 4896
3767 814 1995
1660 4890 1682
2999 460 145
456 1257 484
187 107 1690
2048 2190 2131
25 2814 129
3572 1504 2476
4621 4597 3413
128 3279 4464
133 4828 1533
2063 371 3458
4115 2513 2241
1555 770 408
4837 3477 3091
873 1067 3603
1065 945 4148
1910 221 2036
397 2820 3640
207 3714 196
3973 6 4444
3943 2062 3468
786 3993 2427
590 2813 2611
1261 1231 2829
897 1691 4133
3490 4779 2763
1147 1473 229
3787 1329 3526
2356 4064 4755
2002 1527 3291
1136 686 3208
471 1114 3177
4816 1270 445
2624 3175 3227
937 1898 796
396 2872 2304
3436 1091 3767
518 4024 1981
4868 1787 4635
3440 4987 1709
3441 882 421
1499 4688 73
4215 4318 4264
53 363 2341
4982 3783 2841
1185 1440 954
4893 1369 3973
223 4902 2706
2514 298 1846
2427 1685 977
4204 4878 3360
1945 1950 2623
586 156 4011
4212 4107 424
1363 2137 4073
3332 3825 3500
3588 4174 833
3133 953 1929
2832 3020 2518
2513 4375 4281
180 4218 4639
2949 3895 4881
1856 657 4262
314 3173 1098
669 248 2231
757 3316 3319
1935 1747 3111
1116 2656 544
1551 1169 4728
1594 1762 4749
3218 491 163
3075 4848 2517
3990 707 3390
2618 1631 3068
4197 3196 1210
3507 2231 3502
4351 3387 308
2273 4571 3178
98 3454 1221
2518 3120 2574
4278 4748 2510
2930 263 3940
805 3549 4021
4698 1629 1671
599 236 510
3102 4272 249
2359 4731 3751
1403 2665 4892
502 2512 3419
2520 4114 1640
3297 2324 2309
3023 1687 4800
4852 4461 929
2467 1223 1885
2269 336 934
4277 2366 4398
4453 2347 3493
3364 3594 4128
4661 2720 2436
1621 2367 1484
3891 4926 3757
901 4760 1030
3253 2111 1132
2461 1597 228
3929 1355 745
2449 4961 4929
1174 3427 3987
297 696 4622
2454 2904 4005
3428 2726 301
1526 3373 4876
1599 2459 4260
2739 3270 3681
2014 2133 3665
3648 2378 1819
4925 3520 3281
3768 1825 1773
3422 3929 3637
526 4172 165
4260 3389 359
1238 2638 3182
1728 1788 3888
4316 4559 3362
654 1402 1841
2252 681 3252
42 3705 2506
3969 3485 1936
349 688 1421
4892 4120 1794
3200 3438 4899
2950 495 3153
1128 1989 4480
3139 713 1642
4097 3447 1913
2012 1425 2970
2507 1456 4654
4748 2033 2968
3359 1758 4273
2732 1462 1397
3604 1348 291
1369 90 2326
487 4154 4291
636 430 797
2102 1205 3332
401 3153 2487
2088 637 353
1998 763 4909
4328 3905 1740
1031 4583 3825
4690 893 2025
377 1100 2225
2110 61 3078
4889 4952 2328
637 4525 4346
2069 1918 2983
4032 1074 2216
2383 4312 3838
2696 2240 4461
700 3997 1652
3334 111 2484
1466 97 4140
3205 2506 599
4173 523 4413
574 2318 4265
1271 2554 1861
147 955 488
4865 2937 1321
956 3913 1310
1984 4310 3284
843 2316 3316
1812 4379 3966
2521 4632 4694
3906 232 4917
2677 2315 283
2124 1254 4321
2722 480 3303
1336 1192 4311
2431 4267 523
2699 2470 3990
2293 93 1064
1302 4929 178
840 3744 4419
38 1796 2863
1135 24 3924
2399 4487 4144
3252 2668 3593
173 4566 4180
2668 2571 3723
3694 4589 2111
3199 1661 2398
2560 4086 2619
4948 2774 2752
2891 4545 147
4704 250 3042
3994 3319 2211
1389 973 137
2877 2355 4131
201 375 264
2462 4593 1999
520 4289 4870
308 3964 926
1437 1578 4201
2511 1075 1053
2819 3393 1423
2546 467 3660
3086 4702 3164
1072 3719 2311
1564 4350 3529
346 3347 1604
4374 175 3276
2246 1312 2324
1093 2503 3781
4321 730 1001
4024 2628 3479
1385 3506 1518
1811 3380 672
1985 4359 648
3730 752 334
849 2370 1813
4591 2182 220
974 4212 3760
3720 3152 3029
4478 1678 4794
1225 339 503
969 4073 1058
3033 1357 1151
4064 2529 101
1695 44 4439
235 2453 2943
1808 4873 4872
2067 1328 4845
2120 3329 2664
4875 1556 3107
1162 4076 1878
795 3894 2086
2867 3082 1852
2608 3990 2073
3413 3337 1294
4425 3256 199
2371 2066 2861
3032 967 1023
3638 783 4269
594 3742 662
6 1671 2859
3682 1943 2263
3938 641 4316
3501 3293 483
3863 2125 2688
3874 2922 2144
3699 1245 1890
503 4186 1831
620 1802 1681
2987 3709 210
1685 699 1284
3094 3843 1691
1620 3099 3653
1134 2083 3587
3096 2213 2290
847 2384 2316
1712 1976 3462
1368 2680 917
2602 3802 1336
1463 4028 4857
2276 1448 1844
685 3346 2773
3341 432 3700
209 3923 1333
779 3798 4867
490 3660 1523
1086 1526 3671
722 4505 1491
2025 4113 4912
879 3930 3533
2499 509 4658
3081 3870 1996
1538 3767 58
3092 4762 2026
541 2995 3192
2915 3106 3551
4650 2001 3575
4799 2698 701
4323 4050 2807
3726 1793 2331
4933 2484 4211
1940 4036 4235
2424 836 719
1303 343 4407
1177 2317 1747
608 2737 1698
1589 4734 1705
1519 1097 3862
1987 4735 3598
567 897 2445
4438 1238 1185
3465 466 4122
4313 4530 4890
855 1285 1404
4529 2673 1912
72 1125 212
3159 1521 3679
3513 3886 1959
1614 131 160
4247 1259 4853
1451 3067 2553
2432 3472 372
506 3943 2351
239 284 3936
3547 4253 1122
2605 3300 64
3296 735 2937
4437 939 140
4815 3086 1447
4655 17 2127
3575 1702 1110
2187 4204 4400
2128 304 2182
30 2217 3336
1861 2440 182
4939 1304 3033
1630 969 2967
2138 4817 4914
823 3965 3594
475 2519 3713
3261 1554 1915
517 3212 4970
2816 1704 4783
3886 488 1941
4701 2621 4399
2066 1522 1988
634 1085 1107
265 3916 4511
2839 2266 1985
1517 4949 1338
3766 2195 848
2645 4098 2941
4652 1198 2645
1717 2935 125
2655 2582 650
1025 4570 4470
3509 4072 2564
3131 3240 566
104 3529 3632
968 2329 1048
2517 1485 2203
4972 3615 7
1062 3336 2001
4205 2065 495
4761 410 3292
540 2093 3878
1875 1893 1427
1770 3725 888
2378 4297 3569
4869 4030 1441
3437 598 1862
4974 4177 2519
2790 1427 3927
3449 4398 3913
2231 4788 3451
3952 1980 2769
4689 2445 341
1054 1994 3572
47 2962 2323
1689 200 4146
2100 2561 3833
1035 2654 1182
1973 3420 4915
2381 2755 2800
81 4507 1468
4762 3377 2586
2170 4562 4181
2052 2451 2454
91 3795 3131
4723 1383 4481
4809 1083 1928
3031 4457 4529
4304 2285 694
1141 3995 4768
3625 2960 2734
2961 4014 3612
595 1055 3583
3955 1477 4995
3802 266 3931
576 3063 1917
10 2055 1252
1841 151 2370
1876 3901 2000
1465 2463 918
1659 627 4941
904 2107 1281
1894 3338 2602
691 526 3853
4046 661 3262
2176 167 4579
538 2948 3203
2345 3372 4977
3525 4042 1254
2107 1131 2772
726 2966 2603
444 618 2798
1153 1244 4214
4907 2452 1355
1826 1390 3499
2510 1469 4190
2179 3979 4946
285 2717 2381
3895 1478 709
151 1420 1214
3419 2267 1521
1743 4730 2584
13 4453 1595
342 1684 2425
4483 3148 5
604 2306 2452
920 4669 3626
2103 849 4785
3748 4678 4919
1267 4645 304
1427 1888 573
4549 3931 1762
4008 1060 3224
2619 2193 3999
441 3209 3658
1279 3363 2230
366 1345 2536
463 1349 4500
1333 3310 633
4916 4187 2097
3657 2505 1875
4147 3425 3110
3344 2051 998
2129 3500 2389
2268 1066 1439
483 4565 3232
2204 2709 2419
4476 1820 1715
3780 1940 2915
66 462 2306
4480 3693 352
252 1218 2563
2423 3236 2300
1734 1196 1505
4766 896 4192
2892 475 4544
2389 1776 3547
4700 4560 2744
3285 2560 4629
1642 635 2846
2090 2733 4604
1756 3351 1562
2459 4151 3460
250 3288 415
3065 1777 1808
4929 4768 3301
1183 2180 3299
1036 3223 818
2682 2262 1075
2893 1300 3861
184 4452 3060
2665 4995 2992
3373 4832 4562
4130 2291 2237
69 4513 2384
2747 3051 1836
953 3761 781
3924 3396 2534
2900 1886 1424
4885 1537 2094
160 1007 2960
951 133 2610
824 2179 1295
2065 4501 686
93 4045 1144
3976 2565 1086
2024 617 500
129 4388 432
1210 2878 4367
161 4333 924
154 270 2222
1523 52 1503
228 240 4371
3288 182 1926
3663 2545 4747
2060 2916 1243
1753 170 4051
3481 2363 321
2352 3406 3386
2491 1154 574
3302 2077 2353
4394 4541 1933
3775 4464 3312
3966 3578 852
4417 3029 2957
2092 123 2333
522 4324 1685
4526 333 1787
2154 2868 4420
744 1774 3664
3391 4928 2881
1331 4115 4556
3692 3131 2824
2226 3649 1550
1060 4661 3278
3327 2058 1601
2672 2667 1121
4352 4744 1195
1755 3755 1651
4299 78 1658
2351 2309 681
3171 3179 20
1704 4035 1191
2690 4982 962
2550 3691 3725
2374 1054 3014
408 1298 4578
2926 2735 4826
2840 3353 557
2010 1667 1155
3953 3185 3921
852 1748 3401
3644 28 3845
1530 3028 875
3416 3123 2885
3958 766 6
680 4668 1470
657 2119 1955
2503 2777 3272
1388 3167 4633
2802 3999 3937
1793 3105 1848
692 2200 3623
1800 533 3791
4726 2089 3743
4415 1910 4878
3569 4882 3686
460 4526 3792
274 2734 3910
1412 4556 4282
998 194 4338
4264 2753 2312
1752 4343 4246
3930 3297 2242
1785 4016 2317
4525 2792 3735
4705 3275 2761
3812 1177 1634
3574 2410 2649
1232 2209 4294
2375 4804 3310
3751 2785 1866
3606 3246 3886
2172 191 4038
3197 2748 1520
1816 868 1300
2244 1124 4258
4895 1638 2297
3666 3516 2483
2679 1012 2019
1327 1763 347
4182 1253 4789
1229 1438 4215
861 1962 2568
4356 2852 3524
4908 4727 1241
4867 1605 3269
642 869 245
3466 322 1400
1180 2800 1810
4469 4853 4518
4644 1880 1289
2151 2207 398
2099 4539 2819
4290 4758 4849
4795 765 1744
313 2664 2184
4208 2069 3832
3733 2417 2343
4739 3621 1322
1461 3264 4746
4751 2095 4187
59 3231 3715
1854 2770 4396
4863 2018 4673
4094 4739 3050
3479 4925 2430
2706 4598 1471
4342 3555 1469
4950 3884 2302
3571 4470 3739
158 2828 3347
4569 2169 1205
4683 692 4686
4036 668 3389
1240 271 3423
2629 4133 1186
3346 4179 3589
3719 4229 4593
1731 3790 1478
878 2861 59
1924 4561 1584
477 741 843
4603 1771 4189
457 4075 4754
1682 1938 4378
2444 2419 3822
2583 1143 3515
2253 3119 1982
3270 1230 2990
1490 1150 2206
3870 1019 2962
1615 387 3409
2653 2389 457
2715 3137 215
3540 3355 2835
955 1750 3216
2311 1759 2128
1305 3005 4325
146 4221 4432
1105 193 717
4490 4440 2782
684 4656 3694
1694 4770 3247
4669 4733 4630
3683 985 1901
4430 1644 4456
1106 4522 4056
650 3162 393
1040 4190 3746
1026 2374 1824
3174 150 2458
1643 4569 2822
3875 664 4096
1208 3375 2907
3662 4401 3215
2667 1018 940
676 2197 1011
4003 4069 2779
2876 2027 2397
4793 3760 3954
1478 3141 3297
641 2803 1610
1314 489 2129
4582 3459 384
2866 1705 3379
1018 4183 302
1126 3878 14
350 3190 209
7 1894 1305
2335 4158 622
2685 1339 1271
1264 2152 2731
3993 3417 2377
4634 54 3578
4677 3758 3052
2711 177 921
1064 35 4110
4361 2771 2215
3161 3088 3089
101 117 1938
4870 2643 3786
2691 1444 369
1477 3804 2432
4773 2283 2582
4092 2259 2847
4330 2759 1526
768 3421 2388
4157 143 466
1930 3376 2220
3991 4038 2547
2500 2368 2395
4511 1077 4526
3304 2724 4013
135 3875 469
3865 4994 218
379 4642 1630
756 728 2657
103 4916 2985
1100 2617 133
1268 3233 3186
12 883 4859
189 4606 1663
3173 2072 2081
3857 3415 3064
1050 3891 580
4308 2879 1227
4368 103 4403
1230 845 4530
1321 3678 953
4326 2864 2477
2105 2344 4437
3570 1126 659
4737 4216 4069
4075 2611 3320
2418 3007 1746
4899 3565 1648
2657 186 2803
2797 927 3520
2845 3062 3874
4497 2592 3785
4945 2973 1507
2300 782 2259
565 496 2888
3552 2288 4275
3689 470 3306
497 1030 4595
2004 124 1083
3560 1404 1537
2119 4596 4173
2369 2700 1106
686 2859 3631
2746 3521 1440
3696 3191 2410
653 4395 1860
2076 1031 3046
3988 4920 4620
267 3234 4679
2248 2653 586
4169 1015 764
4165 1868 37
4746 2052 3359
523 2358 3457
643 181 2873
802 2422 4689
4986 1122 1263
3522 3573 3048
1244 3683 4382
4611 2026 2935
4175 1616 873
3066 4299 2174
1345 1385 67
2042 891 3831
1670 1064 2180
4366 1979 2654
1929 1900 997
3815 2104 4902
1521 2704 2080
2458 4037 1489
3104 3553 3120
562 1901 2699
2779 4781 3308
2379 4524 2583
2032 1158 727
2325 2595 1722
3275 3667 2451
3124 2764 15
1687 3476 1016
1393 2322 4583
4452 1806 305
3837 4948 4992
1707 4947 2759
4533 2844 2969
787 3554 539
4635 4974 787
4174 416 725
1458 3195 1971
8 2038 349
1246 3344 2286
3446 820 23
3204 380 4037
3140 2431 3082
1409 2716 1467
3761 1319 1877
4802 3210 3184
3911 857 990
661 2380 1850
1840 4338 2218
54 4175 4014
345 21 4460
1472 2321 2119
4248 1101 130
3222 3670 4781
3317 390 2057
1450 1819 1700
3965 3084 502
4722 2430 4197
2955 4435 3235
2363 3371 3969
3315 2398 2108
85 3423 1654
1951 2248 2728
1120 184 2743
2897 3619 2423
357 2845 195
584 1953 4983
3668 3241 4539
3358 4494 3709
431 4535 1864
2406 1497 4241
3983 3800 3737
2087 2907 1188
3709 3749 2072
677 366 1068
1348 517 983
192 1241 2714
838 72 832
353 4819 1412
4510 2216 3712
3536 4438 1578
3840 3299 1341
3526 3089 1786
4535 3110 1230
1797 1807 2806
4432 1539 1739
3196 2279 4098
1300 4897 553
238 4485 2478
2430 3205 4087
2062 4888 1608
731 1971 3452
719 841 1249
83 308 3017
4808 4339 3430
1830 4694 2071
2649 1043 4748
419 3706 4137
3312 2969 2753
4641 2526 675
1063 3830 2460
1080 2929 2192
534 2889 2650
1473 1474 4113
4732 2913 792
4719 3466 95
197 2968 4557
2917 148 1335
1495 278 294
4731 4871 651
3781 3271 4675
2607 423 799
3940 4818 2840
981 3143 4664
1895 45 4176
2670 626 36
4327 4577 4150
1730 3939 610
2771 1439 632
286 4540 1688
4006 2239 1028
4878 856 1590
1170 3381 3655
1457 4079 4588
1213 3009 3656
1092 995 641
2577 4550 687
4315 364 4095
4303 2598 1900
4016 4477 3584
3701 1017 119
4237 2547 247
2997 1051 2721
964 443 2357
631 2676 4152
4831 520 4819
723 2760 4968
1446 1098 97
2921 1591 2543
1182 2939 2282
1557 3479 3579
4623 2742 3016
4038 2963 3887
3491 952 1318
1453 4679 1296
1254 553 4395
2654 2832 914
1090 3668 1275
1814 3909 485
2225 1151 1349
2209 800 3818
1574 23 606
922 2408 4483
450 513 927
3844 472 2793
961 4153 4520
923 3631 1514
2353 2984 883
4335 556 2471
4781 578 2891
2985 2769 772
2564 1394 509
1544 1934 556
2373 1204 3521
1334 1225 4474
3076 524 2152
2251 4301 3902
2817 1277 4949
1188 314 571
3679 4714 1830
4307 4937 4268
1803 2236 2376
4310 2023 887
2093 4836 3976
4851 2834 1519
2137 4222 2293
4555 3834 4980
24 954 2135
991 3641 2465
1953 4498 2070
4144 3666 824
3688 4795 1826
4124 4034 3441
4493 2533 4540
647 3430 1389
1747 1255 2258
3834 3728 4944
3777 2139 1529
3508 3867 1429
1435 4631 4080
3724 3874 2573
4031 4879 3826
1152 2204 2628
4656 3388 1976
947 296 585
3478 2244 3377
4126 3463 2604
4228 3192 3075
2628 1334 1565
4472 2938 4107
2929 1006 4803
1636 3757 3141
1132 4591 3996
3770 3326 2926
1936 2831 4855
4680 4633 721
2967 2404 4993
3460 3806 956
668 4302 475
3494 139 4999
1516 3412 117
3703 4939 1574
100 2082 3985
3714 793 3605
4745 3452 4897
3294 3591 4838
1792 1681 1094
2177 3985 3844
3912 2910 4830
515 109 3607
241 613 4151
1209 420 4149
3370 1970 3293
1667 4586 3768
3622 1897 100
3933 3763 1031
339 4268 2996
4242 3401 3647
472 1489 3620
3950 4917 3405
2238 3546 4298
4135 4709 3835
3160 3260 1293
2698 1618 4818
4544 3259 2644
2320 2487 3020
2713 2041 3923
28 818 1714
4952 3077 2020
4547 3634 2265
4673 3504 168
2473 879 204
2466 3525 947
1776 714 4487
2447 157 4213
3598 4967 2590
3420 2390 1803
4010 418 1052
3415 2790 3270
2208 532 3856
509 4884 3311
632 1236 1029
2114 1323 4061
3381 632 1703
4498 674 4681
4578 4331 946
2078 1640 3670
4074 865 4732
4331 3779 1352
875 2021 671
952 1969 1599
2443 3969 3101
1870 2949 4700
4839 2520 1181
3125 1828 739
3409 2688 4116
3473 1279 925
790 2518 3193
963 299 3755
1402 3352 931
2923 2983 554
4440 705 476
701 4239 1019
2835 559 3084
3946 4609 3897
3377 198 1105
1532 4455 4839
2193 65 3953
116 4547 2981
399 4358 3956
1669 237 4041
4574 1308 3809
4283 1282 2444
762 216 4843
1948 2381 1792
4422 3342 2640
2480 1805 3678
1986 42 3949
3046 3732 913
1454 4040 2903
3114 456 394
4185 3561 2593
4534 1112 3708
3145 4627 2900
3918 4048 3400
3956 1791 1570
2308 3845 1165
1145 555 1330
1903 4269 2110
3686 3632 3099
4890 1515 25
4693 2372 227
4297 1162 608
870 4973 4496
200 1233 1287
3321 1834 1360
3782 2004 2507
4268 622 1004
4564 704 3154
2142 4651 2052
2292 40 4691
3879 2466 3130
1882 2615 4055
3412 4309 3149
1697 3385 3702
4449 942 35
648 1454 1593
406 4126 2355
1515 1278 2545
2199 2586 3372
2760 3030 1774
3306 3118 4209
596 4426 2755
1016 4237 1063
3922 50 3049
2613 3458 260
4306 30 2921
2135 4344 820
1911 2821 522
3397 3590 281
1676 1778 2352
3176 2091 2784
3424 3988 3418
1545 1217 4058
670 1303 4837
2305 2426 2530
3448 1460 2161
2441 3200 2679
4309 4165 3962
3610 3608 3494
375 47 1883
1107 4859 2368
3942 2335 1668
836 1746 2021
3155 2722 1614
3095 4360 4488
2157 2184 467
2861 3519 4074
4395 3799 3788
3234 3789 775
80 1446 4124
2642 649 1975
4083 1965 3977
3849 134 3352
2391 2194 655
2800 310 723
2288 3646 4225
1298 2254 1683
3146 631 1247
547 1662 1111
3866 4405 960
4884 4959 2695
4379 403 4204
4116 3888 4990
2169 1256 143
4658 547 3425
827 4991 1839
188 3817 4365
2638 919 637
4011 4558 350
2173 3613 4760
2469 1271 332
3231 903 3777
2970 2494 3611
625 1713 2382
2085 94 3898
4272 1320 1935
1716 646 4739
3904 3702 2665
1424 2302 4505
3591 3349 217
1885 75 1973
2421 2402 3797
492 4966 3063
916 4696 941
593 3740 840
92 1294 930
3403 37 4458
2686 4837 327
3309 579 3196
3504 2117 3508
2574 1159 1944
3164 4585 876
4282 358 4267
2196 3076 1073
1309 469 3860
2815 2005 107
448 2677 2961
2821 3124 2243
1784 3052 845
3916 294 1823
194 2094 1163
603 73 2742
1397 1984 2565
130 3127 4016
2108 1861 4417
3214 1785 1072
2569 4687 2319
2055 1491 3225
4146 3968 3480
4518 2067 3742
3839 3652 386
283 2379 1133
3580 4875 364
2303 3980 3243
3291 4146 3967
4559 1431 183
1487 4059 3222
2886 2224 2726
1646 4091 1385
4506 2894 3491
4065 4422 2988
4145 2092 2523
962 1821 4161
2733 1333 4243
3340 4068 836
4744 2245 4350
675 9 4568
1410 1935 1564
3345 1908 894
4618 2010 3475
3673 4886 4085
4872 483 1403
4987 757 90
3818 3657 1707
3009 1995 1735
1996 4361 2911
761 3692 333
202 3455 1118
3528 1931 4608
3120 1534 435
2530 1138 4987
3128 1142 4301
699 2873 3616
2666 592 2201
4935 3785 4109
832 4425 1918
4703 4184 2850
1534 1419 3669
819 4101 4563
4286 2956 3820
1559 208 2616
3482 4616 1233
3130 3859 2254
3825 3098 3905
3609 1374 1290
440 1118 4601
2215 3624 4860
4461 415 1499
817 1860 436
4622 3468 3018
1448 4243 4788
2934 937 3129
3963 3831 4597
2344 2816 1337
3896 4861 4891
4887 3331 4392
1469 576 3199
4279 4247 1695
3867 2896 4740
1164 702 2770
4161 4062 3355
740 2156 1217
4239 629 569
1374 3523 1437
1848 1870 643
359 3942 759
65 2987 2668
3226 2521 4651
3303 2600 219
1227 1839 543
3750 4033 1555
2416 259 1855
2395 340 3369
1236 3125 2804
1822 26 1692
4688 2435 1956
309 1148 3088
988 2060 877
2000 3713 171
778 478 4560
3794 4893 3330
1433 986 2277
451 185 3895
3209 678 1286
125 455 3580
871 2250 2461
2322 3695 2172
2368 1701 2632
3175 4757 4866
2541 168 4310
3127 2882 24
587 3312 190
2705 2952 885
2914 2829 3789
1804 4418 2130
2659 4800 1764
1384 3896 1327
198 1566 985
1585 3921 1147
1371 3295 2008
3921 2508 3384
2844 4089 1388
1498 2607 2526
4274 900 838
418 4641 282
1322 1280 4696
4940 907 829
1571 3981 3268
4229 4877 1250
2400 3827 4070
4864 1003 4217
3962 855 581
1892 2524 3733
1376 2784 1577
2528 2865 410
1012 4244 4373
3426 4898 4547
2214 4955 4546
2803 2804 2245
3495 3413 3070
4030 397 4625
4254 3366 4640
3053 2989 3296
1543 3777 65
1306 3911 788
467 2323 4734
3454 321 1646
1259 2692 3855
1484 1111 3867
423 199 3727
894 69 3790
291 493 1120
1744 2260 807
2074 4640 3894
982 2488 1413
1289 1738 1313
3464 795 1800
943 1572 1302
2925 2320 1161
1014 3306 4596
3707 255 1455
1647 3340 733
4660 4807 4092
4276 4697 782
1398 3303 975
2664 1182 2240
2448 2797 3562
552 273 377
1673 1561 3220
3421 3851 1138
1447 3977 2022
3529 4965 4550
651 3177 572
4 4996 3766
4718 2609 351
3704 2577 1008
1328 998 1104
911 4830 4433
378 3550 2475
4706 3418 4671
4481 1610 3710
4898 2412 1402
2272 4542 1398
2627 484 2910
4129 3568 1269
1224 1884 4099
4934 2293 4643
2046 3483 3622
555 355 4885
3314 761 201
1590 769 381
924 1381 2349
4853 3904 3518
1691 1679 3638
2505 4838 1091
715 92 3802
3576 2538 4637
1610 3860 1475
439 4824 3693
1166 1912 248
4138 4164 2246
4234 747 494
4594 3266 3309
3859 231 2404
2005 215 614
245 4903 489
3220 1000 2848
4770 724 2799
3907 3015 3642
2804 3069 2546
1414 825 939
3590 2080 4808
3737 3368 4690
1420 2555 193
4675 4864 2346
4408 2121 700
1407 3542 1257
3374 3581 4493
4041 2079 2239
4647 1689 3254
950 565 1922
1460 860 2138
1115 4156 3606
3728 963 1084
343 4122 4513
2011 881 1741
2553 368 2790
3713 2899 2933
3627 1069 758
2453 549 4997
1835 2189 3559
3060 1367 1108
3621 1049 405
1601 3866 4927
1702 3539 2338
2031 949 3167
1125 4087 4060
4812 1727 552
1705 560 2387
3260 4649 1960
3001 2034 3585
1540 569 3031
1762 508 3722
1041 4137 3588
2019 725 2223
3742 1146 3109
2184 1048 464
4513 3461 3414
1569 527 174
2537 274 3066
3262 4761 638
4794 3206 2690
4433 394 114
464 1295 839
1527 2223 2906
4317 1972 1434
3103 3039 602
2980 277 4773
303 4564 4106
215 758 74
1021 3320 2373
1961 4497 2281
3142 4234 2087
2486 256 173
3817 2353 2440
323 4581 1780
1256 4847 2375
3179 3935 517
618 2145 3513
2487 222 3156
224 3252 1145
3165 1724 1466
1884 3871 2927
2262 386 2691
2916 1095 3446
627 2338 4102
2795 140 4648
1189 4490 3373
1972 4277 2984
3661 4682 3506
2367 3569 3614
1247 886 3471
2890 4829 1358
1878 3040 507
1249 3074 4312
3939 2575 1987
3015 3041 3571
1318 1957 362
1117 4458 1206
4505 3170 356
210 4531 1557
2767 3450 2549
4262 3382 1859
2972 4118 2004
2822 1251 2808
769 3765 3037
4835 3429 2886
3212 3518 1137
205 3262 4112
1635 3117 4136
4801 2127 3511
1033 2201 2949
14 4992 72
1823 353 447
2879 566 4497
4122 1487 4868
4668 1609 3951
2139 422 685
663 4930 3911
883 4740 158
3093 660 3343
1144 1923 87
3091 3309 3774
2720 3442 3396
3585 2744 3371
1853 4895 1481
545 453 4940
1739 1337 2977
4597 4479 4667
1890 604 112
3390 3595 874
405 1947 3946
2740 4293 4947
2022 3031 1449
564 2900 2514
4045 3135 597
2328 261 520
1815 2892 2648
4311 1189 1677
4232 3201 2449
1788 4854 8
3615 2517 2571
3040 3081 4387
4710 3155 2186
2306 3484 4467
1124 3144 1018
4106 2003 1170
825 3428 4384
2438 3034 3759
2126 792 2011
4821 4654 1359
1335 1675 3567
3810 583 2479
2385 612 2013
4540 693 3228
2710 1692 4295
4397 4619 4202
2643 4103 3546
4026 3501 346
1429 3665 4044
3773 4747 1678
4053 562 4117
4978 697 444
4222 3733 4299
3361 3116 3857
2544 95 277
2398 2572 3906
237 4578 3174
4455 1655 1260
1683 1354 1051
2681 2544 1625
4783 2706 3697
2200 302 382
3331 337 711
79 999 627
1441 4867 1212
2420 2782 198
2470 197 4
725 4420 1851
2538 187 1232
482 3998 2890
1658 3313 2227
3450 3226 3481
4757 2090 2745
2242 3414 1202
854 4053 3403
2908 3989 1566
4881 4433 988
3078 779 1992
2435 2437 289
208 4249 2601
3116 1089 4108
2555 2511 1213
2611 485 2786
4919 2175 2041
1748 2980 1119
3058 4290 731
3792 2999 2854
1843 1157 4979
742 2648 1963
1234 57 3881
3068 2403 2606
2057 3263 1548
4412 2420 3368
613 4255 2212
2201 1864 4524
3394 784 4228
4103 265 2589
4057 546 4248
4659 2103 4123
1934 4410 3098
2603 654 32
2131 2490 1432
2191 1873 1041
2156 1552 4486
3693 1722 4503
2230 3323 4155
2984 4393 624
4542 3606 4028
1502 772 803
3320 951 3948
3565 338 1497
2543 1731 1791
839 4514 2839
3972 3024 4340
2463 1313 1216
2551 545 240
2963 4915 1190
3948 4009 75
4300 3959 4063
2009 694 4531
4404 4605 4901
3395 2377 154
3480 3629 2713
2717 1611 1123
124 1844 4478
1158 4421 4333
3227 4445 4029
3442 620 111
3439 2618 2168
4500 2982 621
1286 2039 2700
2396 225 4354
4221 153 2372
3977 2044 1964
4294 2469 2864
370 4548 2528
4020 1992 3783
3027 3090 2012
2415 929 4904
4400 1532 1047
816 4106 2121
1919 1650 2018
573 3996 2747
721 689 3381
4552 1789 3122
3389 885 2559
1563 1588 1488
2338 852 4033
3311 4777 1480
1023 663 1551
4420 3617 4303
23 1813 2147
4845 96 4205
3602 1181 43
683 1511 441
2596 2434 486
3884 2941 712
3079 1413 3983
2112 3008 3038
2167 1829 2183
1073 171 3322
1782 838 1807
2227 3505 2659
360 4811 2897
3385 2714 1583
3545 4384 1460
1781 1183 1904
3687 1173 654
2565 4202 1354
1471 2835 2402
4502 3540 3780
1868 1510 3677
3277 4662 3522
232 2666 4594
1651 4753 4721
131 3759 4342
2127 3395 1612
1994 2106 858
391 2532 1579
3674 4660 487
1915 2371 1239
3769 1035 326
1813 46 4289
1474 3350 285
1373 1909 1892
3796 2875 3624
2310 4304 4825
3451 319 955
2235 2307 936
876 438 4939
2656 1286 3829
4836 2159 4322
3325 685 4894
4522 4711 3566
470 204 1204
3215 4690 3231
145 303 4042
3071 1296 4836
3371 1794 4758
1233 500 4798
2968 3146 2411
4692 4806 2114
1825 1353 493
935 1576 473
591 3950 3492
4236 4144 4887
781 2238 697
3824 3286 3002
932 3139 737
1404 4810 446
4946 4934 3988
610 1615 1845
2781 2423 505
2857 4601 2889
2995 1823 30
2612 3587 1631
3561 4483 2364
1011 721 4590
2953 1968 1816
4123 4954 4270
4369 1865 1672
3180 2064 1203
3072 1416 3920
2241 1026 1209
1554 516 4468
1070 1377 1303
2856 910 4776
4519 4717 1231
2735 2473 1947
4874 3676 4807
1260 436 1617
747 359 3487
999 112 1486
3793 1700 4394
4971 4971 2399
1891 1773 1407
1304 4980 4118
4910 2686 2812
2547 4977 871
3932 2096 231
3355 3534 2692
3964 113 3909
1326 4176 911
3745 4012 1797
4384 1099 809
1492 4945 646
869 477 3880
2562 2934 1316
1640 300 1113
4942 2131 2567
2393 3863 3744
2848 2843 1952
3779 2650 4986
199 723 1485
4992 1387 1229
3256 4988 4775
728 878 2956
4590 3345 2997
320 3947 1628
1119 1626 1417
4653 981 3011
4072 4970 4723
2148 877 1444
4711 4446 491
4671 4256 665
2922 3726 3327
1479 3681 1834
4531 3080 3851
3430 1878 2580
1481 990 4002
2762 3902 3590
4139 3182 167
4991 1975 518
1671 3994 4431
2595 1810 4072
1946 4858 2585
1834 2203 131
4595 1987 1393
4728 4308 2898
1245 1768 4554
582 365 2887
4451 1395 2059
2634 189 3823
1475 3690 1236
2838 3199 4733
2133 4489 1158
702 854 1262
1908 987 1261
4357 4434 2762
3036 3047 1704
3731 2964 2805
3136 2811 2686
2597 4602 4172
2213 425 2936
614 3604 1258
3729 947 3126
4104 3169 3288
109 3873 4787
3301 726 3113
1990 1494 1763
191 4328 1399
1672 4100 698
2646 4951 2813
310 1179 4655
1408 1690 1100
4475 3653 4960
1880 3635 1245
4293 2143 2718
2263 3651 4623
1867 4737 639
1149 1852 1619
468 2428 3630
1235 1360 2342
4593 1584 149
2700 4236 3233
1539 4610 278
3037 968 392
4742 3499 3007
4445 361 4646
2965 1723 1198
2008 3722 4476
4967 22 3449
4558 1215 3659
1970 3068 1712
4001 4026 4829
2175 2050 4737
3121 1356 2617
516 1375 726
4862 3203 3773
4626 1718 1430
2091 497 548
4025 2725 3012
1272 3497 2816
4833 1814 3335
1932 815 166
3101 2472 3812
4301 989 1059
4768 972 4363
4617 4105 4611
2257 2885 4994
4841 4518 2843
1897 3645 2043
193 1620 749
3022 773 3041
3281 1922 4735
3184 819 4185
4190 320 3442
413 2559 4472
2633 4473 56
4672 2391 2834
1991 4197 2133
4904 260 1135
2212 4450 3498
1365 3079 2940
2675 2115 2332
4694 3272 3437
1542 558 4772
1909 3056 3160
1684 941 4907
1613 4773 3731
835 4112 1045
1692 1034 3698
3298 4432 1235
4553 2395 2878
115 360 4078
2033 3003 692
2017 1388 3263
2911 1359 3036
1426 1327 3539
233 3876 3287
2889 4250 2544
1088 4241 2060
1274 4088 3674
2185 4288 512
1637 4474 296
455 4392 3277
830 3828 4057
112 3101 2908
994 2830 993
3790 2707 784
3885 1658 34
1278 217 2054
546 2932 92
1266 2566 663
734 3704 4614
3757 809 3402
4994 325 902
2496 1917 3415
4158 1674 1314
2956 1977 1980
3003 2334 4024
328 1433 4408
373 3841 3175
2082 943 2717
1459 2149 2474
4196 2921 3230
2591 2113 208
2887 2749 1857
2361 4685 4634
1301 1117 4759
1319 3522 4104
3379 4914 1082
4281 3601 1718
986 3204 2045
758 832 1745
2440 3531 181
4563 1436 4224
443 1032 2098
2327 1981 3383
19 789 1895
2412 2510 4177
251 4764 3157
2590 4910 1088
4134 105 3
671 4001 3326
874 2105 1273
305 3307 3238
409 85 4421
851 2441 1265
3282 4728 2276
2818 4383 443
3149 3214 800
2451 4883 3391
3564 3311 4489
1525 2622 1650
1528 3566 3047
1926 3325 144
3268 2818 950
1379 2154 722
1778 2998 2872
4917 2171 3538
3908 3926 773
4515 2074 1463
2301 3782 4479
1595 1856 530
612 921 4245
3920 3586 4534
4398 2214 480
4068 1266 3673
3892 1 4081
3107 1458 4699
605 4013 4869
914 2509 3294
3968 3679 3801
1320 2981 3942
939 2436 1916
784 3061 88
3230 4839 2975
1340 3680 3705
3855 2758 309
1045 4370 2823
1607 4097 3140
1625 1050 4607
2575 62 4795
944 1936 4315
3945 242 3563
585 4011 4959
2051 3579 2115
248 3171 3106
3144 4207 2292
3333 4386 3935
1131 1293 577
1082 844 590
1578 3805 3943
495 4658 4391
3852 1449 814
140 872 783
606 4387 2791
2966 638 371
1252 1037 3811
2650 2043 1771
2687 587 1346
1355 3575 442
1677 993 3209
2039 4436 153
4358 2269 3045
2826 3582 2892
1921 1733 2017
1941 3314 4790
2380 3810 276
4951 3928 450
1693 2188 4084
1159 4746 3645
1549 4326 2207
727 3946 2038
848 3524 3619
525 412 2175
2264 1596 96
4195 1424 3672
3711 1248 4581
1099 4227 1872
987 4478 644
351 960 4226
240 4099 2867
2483 98 3729
41 2819 338
1377 1106 4791
4551 806 2244
2573 2471 1223
2493 755 674
174 1160 1659
3365 798 3639
1467 1563 1426
3656 2695 2858
3406 1921 4221
1416 3971 4769
4359 534 2605
1156 1434 3395
4159 4143 2142
2054 2898 1377
1193 327 4948
4470 1482 4067
912 450 628
1810 4296 4628
2734 405 1060
4714 1920 4043
226 504 555
3202 4447 1884
2237 794 2504
1738 2799 1670
1488 2806 481
1681 2551 414
615 3808 4647
2030 1541 600
767 4017 4427
2455 639 4463
1922 2271 1415
3229 2158 4744
3883 84 3600
4318 3650 3380
4969 1120 2722
4389 3750 4942
4056 1246 817
4873 4626 1351
2143 4700 4406
3847 912 251
3257 427 1340
3266 4442 4541
1046 4058 354
4609 4448 54
1529 2265 1115
667 3737 2724
1179 2037 4617
2978 3962 4542
428 1846 4822
255 209 4610
164 2862 3006
389 2890 1645
1378 905 1383
1364 4032 3955
3878 2705 1428
1190 4557 343
2058 2634 4678
3100 323 439
4377 542 1256
4786 3747 4369
476 2619 1065
3193 2336 868
3655 2928 4612
1143 498 2765
1662 3469 3635
3881 2997 2167
3073 281 4263
2678 4391 4031
2712 680 906
3808 4171 4877
3242 3066 4705
4213 1450 2485
3246 1216 4238
2098 623 2363
1445 1441 1282
1665 1824 2758
4154 4454 1323
317 4185 3814
1771 4555 497
4727 2624 2327
181 2837 2438
3784 4866 4356
2552 1361 4538
942 2516 254
1648 351 2730
3224 1706 3004
3192 3927 4971
743 3159 61
4291 2841 1782
273 4220 2647
1997 2766 134
2931 1274 2673
3074 64 593
978 2541 1324
3637 4502 4954
845 1558 124
570 101 3061
1626 4084 4362
338 2959 3947
2121 1052 4004
4329 2147 1103
750 2314 3076
4009 3027 534
1375 3254 1594
1609 329 1629
4886 352 2682
1591 4245 1870
3871 3628 1689
1330 283 4522
4143 408 4799
4911 717 4717
77 4789 1128
2408 1555 156
4568 4345 4156
4179 1168 4502
846 4093 1266
3496 2098 4618
976 667 668
1280 2536 2965
2938 1203 1319
4245 1108 1635
4789 4242 70
1604 1025 4178
1783 4899 2171
1428 3194 1420
3820 102 1362
3109 2142 2400
791 3776 3044
941 3049 2173
908 2221 1311
2130 1867 3770
3488 1307 1288
1313 3278 3556
2542 2294 647
1511 2286 4921
954 2730 108
3593 342 558
3417 1506 2928
798 4292 4023
3259 1808 4012
1536 3075 4821
3143 4672 4796
1917 1966 937
3150 1467 3416
3887 2210 4710
2026 3290 3086
965 4885 4250
299 3133 4558
970 2979 1783
2994 4546 4174
1714 1010 952
4572 2993 1038
2290 3584 1009
4442 457 3421
1791 3536 4320
3004 2854 3307
410 636 752
1877 3853 4641
493 1993 4375
4990 589 842
4712 4680 761
1583 3836 3204
2737 1002 185
2726 3780 754
393 4814 4364
1000 2215 2660
975 1833 324
3007 174 2459
4459 902 704
1952 2313 3295
3831 1382 2224
3989 701 4709
4554 3614 184
2464 4677 546
445 4791 4252
465 4423 4649
2831 1892 1364
2437 2528 3586
4775 3498 4680
169 1579 3980
1277 1850 1825
1113 1261 2894
4095 2409 1751
60 2438 863
2778 2603 1596
4391 3305 841
4843 2923 1071
4931 3289 3883
2524 4279 3885
3055 1545 1490
550 3243 2591
395 3445 2681
1726 1164 1283
4256 4066 4003
2775 1954 1380
1844 1883 568
479 2120 3804
4322 285 2811
3801 1235 1669
3631 3032 3028
2766 180 893
3276 1665 2613
2881 700 3250
2362 3564 1522
3241 2310 1833
4507 4604 71
266 4703 2754
4604 3826 2663
4220 1409 942
1103 3440 2199
3739 1664 2417
1015 165 1799
1632 983 1889
2976 3334 1965
2050 3832 3813
3135 1341 391
1038 145 1853
4560 3689 1177
1504 1786 1708
2265 2289 3750
4926 383 76
3042 4695 3286
4960 3917 1937
1718 2593 4692
3650 227 3433
804 2059 38
2164 2662 529
4462 3966 2232
2382 2456 2845
336 130 1493
3118 4607 1827
4858 3819 118
1211 3064 86
2034 2284 4290
4465 4509 3258
3705 2046 3919
3524 3302 2636
789 823 2035
1444 1484 2944
1886 3165 361
4367 519 3469
2271 1982 4991
1485 1224 2268
1605 1102 2210
4740 1978 3765
4788 2712 4924
1740 4924 1167
1959 3092 4702
1883 2610 4127
4271 2385 4938
3458 603 3982
1056 4023 506
3511 3493 3080
3047 3268 1874
2245 2168 2578
1184 670 1547
4828 1815 4377
1483 2016 4170
489 1272 194
108 828 3324
4523 3547 3176
1512 1281 2214
4434 2278 3651
3608 3451 2189
1342 1088 413
1710 178 1573
4354 2243 3210
1690 719 462
1383 3636 234
3776 4189 4553
3432 501 4089
221 4194 3275
3348 991 1817
919 2977 623
1231 3517 221
1039 1634 854
2615 4572 1278
949 158 3667
118 2640 1972
70 3449 3444
1828 2645 1660
1881 348 1587
3583 4484 3745
3600 846 4621
990 3283 4306
2140 4754 4886
2364 1314 242
1622 918 861
3523 188 292
714 1172 2361
1631 2153 1552
2806 51 216
3559 4710 3816
1291 2564 1886
2878 3221 2539
2927 3012 2149
1440 3036 3633
3813 2926 3596
2266 3972 4856
3611 1811 1730
4682 2061 1927
3628 1647 882
4252 3025 560
626 1606 2285
4846 1958 1067
4029 1964 4418
1879 1859 3688
1966 2991 3128
473 1696 1609
1729 2947 3609
1510 192 197
2081 2888 2390
132 1468 3239
4651 1332 3104
3418 218 172
4778 625 1379
3307 3004 2502
1480 3952 1639
4492 1553 4767
40 4134 846
3586 4005 1768
2343 3807 785
2940 4080 1814
4266 4683 2023
3286 4199 3599
2160 1507 4731
3641 676 1326
1047 596 1101
4592 119 448
3378 4261 2366
3706 53 1446
3083 2849 4958
3553 4575 872
3759 682 771
1218 1514 615
153 1951 1363
2945 4408 2284
4620 2357 3754
2933 2257 3817
4709 4316 1264
2947 2620 2047
3835 2099 1954
1165 585 4704
2793 1250 4147
2729 3261 4738
628 4071 1102
638 1633 611
2592 1666 551
2498 3899 2749
4054 982 3116
4501 1326 299
1087 2597 1643
563 2691 4771
1612 1376 2529
4912 4551 3553
3937 1267 1756
1423 3280 4443
52 4363 323
1282 2350 3427
166 4663 202
4713 2157 2320
3727 1948 4405
4817 1765 1506
2239 404 300
1258 3654 412
5 2056 3945
4013 2304 426
2774 3778 4309
296 362 1568
4189 1851 4996
2174 2405 743
568 4816 2321
3530 2415 4343
2641 1242 1171
645 673 4050
3082 2024 4810
3487 3426 780
430 3593 78
1296 1845 3892
3749 2954 1920
335 807 2104
57 4278 1978
697 1739 1796
2247 1624 4188
4996 2268 4950
2111 1024 4536
3183 874 2532
3903 666 2406
4666 4429 2435
2836 624 3530
3646 4157 609
437 1891 4345
36 744 823
1138 904 2105
1518 4729 618
155 2007 3097
2236 1076 4379
2865 2825 582
1324 3495 4206
2807 4989 1835
4717 4719 2750
1933 3944 4412
960 1775 2501
4581 7 4212
3645 2462 2587
3578 4041 1274
2971 1453 3234
3563 4625 3944
4532 2187 4045
1411 1171 1863
2673 48 1332
4464 2895 3261
2842 448 3118
2116 948 3207
4629 2155 4792
2855 2035 708
3070 4225 3517
665 2401 4624
1763 745 531
1596 3434 2740
3186 1483 1416
1496 619 1411
2796 1180 4676
1353 2715 3625
11 2614 4602
2791 2897 1387
973 4801 1549
481 19 2433
3115 257 4566
4541 1790 2330
1013 3833 1374
3203 378 1758
3280 1466 4932
2808 2123 3808
2813 940 57
2589 179 3323
3652 1525 2083
287 4708 3438
1561 2857 786
4112 3273 4851
558 1653 1770
4184 1835 1582
387 839 2347
3671 1136 4873
2858 3974 4963
262 2523 2982
1807 2076 1012
4131 4784 417
4348 774 4804
4962 357 1156
3562 535 3716
3435 4749 3059
1316 3717 4930
4601 4900 1534
2183 1346 2980
1914 2877 541
2494 1516 2165
3799 1317 1898
269 4469 3476
818 4167 16
1541 292 4693
3774 289 4083
1201 3710 2678
4600 1184 4191
4418 3932 306
2186 1857 3351
1352 3639 4120
4192 1084 2914
1367 3502 2238
1524 4617 3194
3029 2591 2420
3614 4840 849
3182 2884 3214
3316 2292 3577
4664 1028 3124
4509 3858 4287
4096 914 4440
3056 3775 1970
2957 3751 2301
3998 1426 2999
2545 4603 3056
1438 2946 4573
2495 3956 3771
763 3599 4409
4959 1949 1057
1439 4332 2065
3718 4214 4750
2581 2000 3981
1176 1635 2895
1980 4029 3447
2018 4776 4219
4923 3633 4833
3228 3881 2641
2158 3811 1536
2274 3598 3912
764 2045 2797
3670 3622 4129
2847 2689 1219
2071 1792 29
4108 1726 2719
1094 1109 2871
3665 1523 4424
3221 2641 1512
831 4671 2074
324 2124 214
4686 4742 342
3407 3094 3889
1860 2126 4411
566 313 4687
1758 3059 4811
1967 3857 4018
1749 3623 1910
4466 3558 1653
4168 3013 10
806 1475 2103
1507 4475 135
2702 3820 691
698 3936 2424
3754 1082 3803
1351 2108 880
3649 4856 2322
3738 2616 345
3612 4941 526
2883 2732 2169
1923 4689 1454
2784 434 3512
2814 3658 2575
2593 1847 4210
1370 172 335
774 2129 1854
1698 164 1501
4769 3588 2751
1030 106 1042
2904 3918 3570
3467 1492 66
2465 1044 3807
4120 2659 4218
3018 269 2631
4429 2287 3615
3489 2612 2869
1482 32 1292
3826 2765 313
1715 2014 4300
4764 3906 4138
2849 684 3448
2326 2918 629
3931 4198 3531
1851 3570 51
4691 2081 4253
708 4849 1729
2044 4919 1888
2764 1862 3795
4088 3730 4355
2366 4201 2233
3330 3115 550
3201 3044 3830
190 1190 1940
2875 1056 3794
2586 3924 4828
4055 1582 3933
1391 4723 2746
4905 870 2159
1216 630 3970
3452 2232 881
1501 332 2535
327 1642 3548
3747 1694 2267
3909 4648 4605
4436 4835 1508
1558 1228 39
4577 1585 2566
2334 4319 3753
3152 2539 4022
748 2020 3869
22 3048 3994
1394 4351 3180
616 4231 2112
4119 2343 4703
4834 1648 463
4118 494 2298
2692 4280 696
2625 4147 2308
3129 226 707
4396 4061 222
2853 4639 3090
2598 356 1240
293 507 4572
1888 3374 2334
2490 4613 1276
2753 247 3535
3809 4841 2030
2281 1016 2126
1284 1646 3246
3795 3982 1450
3982 2567 4494
4382 307 2868
281 738 2902
946 1496 2380
4349 4047 477
231 975 2893
3555 2226 3142
4288 27 2701
2529 1115 3661
3484 4173 2704
4363 1287 1334
4514 3023 3507
2532 1889 4714
1674 3053 170
3323 128 1513
2479 3318 4319
2284 3603 4981
984 3794 1347
4319 3602 3245
3519 4785 741
1598 3251 3008
4017 4082 225
3690 2805 3463
1849 2548 2335
687 3840 734
2043 1703 1606
2548 463 2989
2155 614 591
2339 3774 3561
4093 3321 2077
2413 3239 760
2132 698 3134
1464 350 455
4052 4553 4448
4454 3464 499
4085 1546 2880
270 4985 4183
1127 4404 3249
1624 3456 2196
907 1197 2124
1818 219 3514
2594 3443 963
1362 3852 4961
2860 2945 2785
2234 803 4638
3099 3741 2594
3535 1587 4308
1982 736 1538
4014 3364 4435
1140 1476 4835
1118 2339 1024
4255 4918 1945
3410 1268 1742
432 4431 2154
1415 4092 2499
2873 389 3057
3537 4780 511
3052 471 2405
4517 931 186
3038 3176 1684
3048 4121 2163
2407 3324 1116
1686 2253 4674
3573 428 2620
967 962 2051
4767 2443 2305
4198 1781 4519
2348 1997 3454
230 733 1370
2566 3662 2625
374 4990 891
1250 2627 3519
4063 4962 2234
2588 853 3035
4985 4644 105
1666 2809 3273
972 2141 944
2346 2687 3240
2719 3687 1887
3607 4081 2971
2924 2475 2204
86 2427 4164
528 4025 1674
1205 3675 2558
333 1535 2756
583 606 3634
1196 2073 2760
4320 1058 4049
3088 3762 2693
2833 2644 4712
1395 155 422
425 2439 3191
3925 2101 2653
2492 3378 4251
4771 4809 2766
3510 1291 1222
3760 2515 3217
3411 3941 3796
4484 586 2637
416 3715 1376
4365 2164 3183
2224 146 2049
3567 3333 2053
1214 114 3565
2053 2002 2190
2828 66 94
3762 548 82
3829 1636 2876
319 3112 3726
1220 4208 2677
2073 3298 4645
1798 1712 4414
4981 4865 4434
4187 3411 3248
611 4209 2702
4780 395 383
1493 1269 2865
640 2478 3205
1931 3883 2157
1085 2170 3465
139 691 1192
2765 634 207
1656 2418 3534
2275 3768 3267
833 1680 851
2622 842 4035
2630 3097 592
1550 4805 2537
792 126 2448
2954 8 3155
3194 1302 4561
268 29 1880
997 1209 1040
3634 3422 4091
940 1571 2820
257 4944 2037
2906 3108 677
2871 4427 757
799 652 4465
4183 1306 3162
2136 4823 3740
4583 3618 542
4576 1232 1580
178 956 1749
2285 4145 652
2869 2029 2466
211 1623 1331
3623 417 3736
3461 4793 4586
1741 4366 4577
600 3238 175
3587 2996 3939
2478 1092 1146
1649 4357 235
903 3208 266
4716 1378 3350
1007 2241 4814
2117 373 3793
3629 3460 2674
1361 2424 4616
4177 775 2145
971 1919 4962
4720 4887 3304
4983 3409 2875
857 3446 1919
3999 2019 3763
4877 79 3147
4000 1875 3393
3181 1212 2598
3002 4552 664
3185 3071 1087
749 2151 895
382 672 4989
623 1831 4512
2145 1490 2275
3527 3362 3676
837 2 3504
1066 2504 1197
2716 1128 2412
3910 4712 2538
4341 571 1445
3274 994 1600
2203 4282 4537
3087 2685 2307
2644 1039 2213
292 4215 4077
4901 1412 798
4447 3922 3170
4958 2008 4198
4607 3102 2313
3319 4953 3747
794 2222 316
2992 2174 451
3816 3818 2851
4403 2112 3005
1650 1822 4606
1401 4325 4850
4121 2075 4034
332 3021 237
2885 1761 1789
4596 3294 1620
3267 4307 2208
1754 1290 1805
2089 2978 2153
4125 2211 2325
1722 1330 472
1243 4006 1527
234 4129 84
4811 1991 3411
4280 2122 642
3025 190 2827
4921 727 3321
1977 2542 4079
3548 2599 177
177 4046 724
3805 3597 1777
4037 4972 879
4091 1129 3992
55 1913 2496
4827 829 419
4524 3386 3560
4973 3948 2733
3695 1797 4584
4573 1548 407
899 3809 3428
527 3045 1752
4807 4650 4381
826 651 62
4738 4400 2901
2539 1247 1366
4015 2588 3582
3927 3669 545
1175 4347 1647
2254 531 1925
2365 142 4348
4012 875 4305
1343 3879 4052
2232 720 3148
4730 1560 2413
87 2678 2905
4997 202 1140
957 1392 3280
94 2682 2457
4854 1009 4001
4900 4500 4982
2270 2944 967
394 1519 2401
3833 1324 319
2086 1630 1858
4818 4720 3407
407 118 4171
1736 4195 1043
3468 2649 2862
2728 1760 465
3393 4942 527
1181 544 699
78 4274 1638
3722 706 2093
1198 2630 1125
3051 4960 1356
4721 3253 1180
2223 2425 3684
2694 3050 1939
222 2930 1005
1938 3748 4517
2704 3150 909
793 1932 4854
2134 2791 2150
3387 1941 4247
1129 1430 2879
3917 206 2995
4503 1038 2778
1239 980 4196
1121 3291 21
1476 4751 1611
4089 4868 2505
1079 166 932
2810 4341 1017
3134 1902 2877
2952 3216 4466
4105 2501 2148
4209 1068 4765
171 2497 1157
4829 369 2136
157 4488 1000
2452 1590 4459
4782 4223 3313
752 4815 2075
3987 776 4059
1462 3557 1902
119 4957 496
2497 3489 4062
2824 3343 2683
2217 4646 4911
225 3609 3081
788 3006 4141
3723 116 4766
624 1755 853
4150 207 2556
2990 3672 2262
4028 3481 1373
4496 4520 3850
458 1398 1092
3382 599 1951
4141 2912 3221
3178 4203 4157
2219 2432 3474
3905 2887 4543
3039 2605 4000
1044 2277 2896
4027 2537 4632
2390 4334 109
886 1110 908
3148 4844 3884
3085 4281 2164
3584 2025 1435
4407 465 4009
4538 147 60
539 454 2264
2944 4233 4194
4979 522 4447
4446 1141 2362
2951 15 864
426 2305 2359
3024 3156 999
2725 4846 2912
1217 1736 3325
3992 4265 244
3111 2563 1044
2309 3685 4082
885 1592 919
3823 1401 461
4102 778 3904
2474 122 1757
733 220 1344
3354 3163 3971
2216 4140 4288
3236 1637 3581
4955 616 4438
4760 3174 2958
1405 3538 2120
1600 1967 3315
1380 3563 4284
4033 1292 3152
168 1227 4937
578 4123 2667
3318 2808 3699
996 3022 4770
4947 4178 116
466 3453 1990
2122 3659 2705
3500 3661 896
4188 1855 3027
3515 1974 1187
1925 827 1743
2983 4725 729
4840 1243 2007
2943 2783 409
4259 568 3769
2794 2827 1657
3080 541 770
2402 716 969
3189 1139 3692
1372 1714 3998
3245 4675 1721
2029 873 504
4924 1752 3074
2287 1956 1298
4219 4262 3841
2721 961 3918
646 253 4988
696 88 3854
4450 2767 1414
300 3823 4017
32 3607 151
242 3824 1603
3254 1152 1812
3516 4771 3125
4715 3854 2783
529 3419 3135
183 473 974
1317 866 897
633 3394 1847
4670 3616 1255
544 884 2561
3084 141 2651
381 4416 297
1057 1505 3331
4200 4511 1750
1500 3589 994
1081 4504 756
2526 1363 4425
186 2961 2736
533 1073 3929
2636 212 4093
3166 3104 3087
3736 917 148
1505 944 1726
3712 3937 3542
1029 2836 3501
1623 2810 4501
3967 2652 4532
3147 379 1909
3156 82 2932
4678 3172 1200
2772 2576 3067
3167 950 2948
3063 2721 3974
1872 4821 4449
3667 4373 1556
2743 1709 4025
1221 1219 4528
4471 2642 4162
872 4783 89
2896 4260 815
1 4797 4441
212 2756 515
4284 1715 889
2905 341 3169
2697 751 2924
1769 2340 1576
1399 2613 3237
1173 3026 1391
4381 867 4491
4385 3496 3549
3283 1093 1433
4423 4590 1719
2016 3397 1099
3108 924 4777
977 4226 2092
4405 4136 4323
3019 4329 4158
4241 2915 2998
2003 3532 2055
3505 1699 3876
2783 2543 943
2041 2917 3778
3006 2400 1575
1237 850 4864
3010 2036 1396
1831 3938 3663
660 2596 126
3550 4382 2426
2072 1663 328
2647 3736 4933
3017 3567 2710
2340 3976 2542
4250 695 576
117 3829 1342
1098 2491 4786
1942 2570 3846
4023 400 3657
531 1803 3431
3630 2342 4677
860 2920 1483
1680 4182 1637
1580 2602 1962
1285 2247 2456
3986 2464 2058
4109 3814 2067
2471 377 4884
776 381 904
1737 1027 2684
392 3574 1969
765 3002 740
4752 330 4068
1733 1147 4587
4249 159 19
105 1601 1418
182 2411 1809
2171 2228 2356
1560 2229 2595
4269 258 2162
601 2009 519
1456 4111 828
1167 2492 3691
4235 431 2467
3324 1657 4337
577 1559 4816
90 1707 791
2397 2606 3916
3444 3178 310
3463 2842 1829
4127 3109 575
2785 3537 3470
127 4913 1993
2027 272 4352
1204 4010 4697
858 2699 159
3872 2359 3890
1533 3361 547
449 3392 3975
1975 817 2117
1864 2448 910
304 2272 3223
2723 573 2473
2561 4443 601
1344 1432 1369
3740 4381 3991
1349 2273 4570
4066 2460 928
4643 458 915
4749 1166 4071
143 1443 2486
4117 3304 4390
1839 2690 2028
3900 4721 3241
3470 2429 4779
3383 2579 4046
1852 3207 778
18 2589 4324
4928 3933 3806
3232 1550 2810
3928 3556 121
2780 4629 3837
4598 4698 2139
4880 4896 1948
4151 2763 3338
630 4752 3591
2809 2495 986
933 3734 2006
4699 4232 1279
1027 2594 314
3445 2587 3212
3474 3771 4285
2318 125 1494
4457 4441 1605
3503 3855 2177
1083 2637 4683
2166 2308 747
1034 291 4569
376 4611 2801
3876 2985 933
4546 3991 3756
2742 3856 3690
3996 4169 3187
3492 2924 596
4042 4976 378
3098 3244 3666
1251 2128 1924
3980 3877 4922
2516 1127 804
3223 2992 4627
3860 4159 4576
3206 4018 69
2291 3055 4094
1425 267 4928
4614 2657 3687
3431 605 1244
2279 4054 1076
1795 129 3354
3554 4313 368
1142 4512 1248
4090 20 794
1497 1239 1178
340 996 3821
1978 4782 1673
1329 521 3485
388 2205 1201
84 2713 1237
2663 746 1456
2445 1876 755
4355 2116 3610
3978 4228 232
4826 1842 3139
1866 1645 2976
4957 2256 13
1821 2053 3318
4487 2787 948
2181 1801 3218
4903 3328 3604
1619 1518 564
3806 2446 4143
3089 650 1559
344 786 1618
4676 821 2929
3541 4493 459
1838 1447 1365
50 2186 4976
256 3572 1655
4521 3457 673
312 3129 4726
4755 3548 970
21 3488 1961
88 3142 1093
780 4880 3399
4619 2988 2294
1679 1078 4763
1644 628 3342
877 4922 3202
3248 3925 1727
3974 4774 1815
4456 1123 738
411 3612 2062
1104 965 1476
4804 1708 4455
4953 3410 3752
1857 2909 705
3642 4808 3516
3518 1711 625
1777 4437 288
553 1742 2500
1663 1299 239
